-232156.04139157085 251910.46838019983 0.0 -0.0 0.0 0.9309306239901793 -0.3651960751668277
-232159.91332833093 251910.9942289885 0.0 -0.0 0.0 0.9309306239901793 -0.3651960751668277
-232159.91332833093 251910.9942289885 0.0 -0.0 0.0 0.9309306239901793 -0.3651960751668277
-232163.17394065802 251908.3361334173 0.0 -0.0 0.0 0.9309306239901793 -0.3651960751668277
-232158.41434536534 251909.03608477916 0.0 -0.0 0.0 0.9309306239901793 -0.3651960751668277
-232159.2215100168 251908.85176467625 0.0 -0.0 0.0 0.9309306239901793 -0.3651960751668277
-232159.2215100168 251908.85176467625 0.0 -0.0 0.0 0.9309306239901793 -0.3651960751668277
-232160.35412786747 251909.9737495059 0.0 -0.0 0.0 0.9309306239901793 -0.3651960751668277
-232155.70789207853 251912.13830470256 0.0 -0.0 0.0 0.9309306239901793 -0.3651960751668277
-232155.70789207853 251912.13830470256 0.0 -0.0 0.0 0.9309306239901793 -0.3651960751668277
-232155.70789207853 251912.13830470256 0.0 -0.0 0.0 0.9309306239901793 -0.3651960751668277
-232155.70789207853 251912.13830470256 0.0 -0.0 0.0 0.9309306239901793 -0.3651960751668277
-232155.70789207853 251912.13830470256 0.0 -0.0 0.0 0.9309306239901793 -0.3651960751668277
-232155.70789207853 251912.13830470256 0.0 -0.0 0.0 0.9309306239901793 -0.3651960751668277
-232155.70789207853 251912.13830470256 0.0 -0.0 0.0 0.9309306239901793 -0.3651960751668277
-232155.70789207853 251912.13830470256 0.0 -0.0 0.0 0.9309306239901793 -0.3651960751668277
-232155.70789207853 251912.13830470256 0.0 -0.0 0.0 0.9309306239901793 -0.3651960751668277
-232155.70789207853 251912.13830470256 0.0 -0.0 0.0 0.9309306239901793 -0.3651960751668277
-232155.70789207853 251912.13830470256 0.0 -0.0 0.0 0.9309306239901793 -0.3651960751668277
-232155.70789207853 251912.13830470256 0.0 -0.0 0.0 0.9309306239901793 -0.3651960751668277
-232155.70789207853 251912.13830470256 0.0 -0.0 0.0 0.9309306239901793 -0.3651960751668277
-232155.70789207853 251912.13830470256 0.0 -0.0 0.0 0.9309306239901793 -0.3651960751668277
-232155.70789207853 251912.13830470256 0.0 -0.0 0.0 0.9309306239901793 -0.3651960751668277
-232155.70789207853 251912.13830470256 0.0 -0.0 0.0 0.9309306239901793 -0.3651960751668277
-232155.70789207853 251912.13830470256 0.0 -0.0 0.0 0.9309306239901793 -0.3651960751668277
-232155.70789207853 251912.13830470256 0.0 -0.0 0.0 0.9309306239901793 -0.3651960751668277
-232155.70789207853 251912.13830470256 0.0 -0.0 0.0 0.9309306239901793 -0.3651960751668277
-232155.70789207853 251912.13830470256 0.0 -0.0 0.0 0.9309306239901793 -0.3651960751668277
-232155.70789207853 251912.13830470256 0.0 -0.0 0.0 0.9309306239901793 -0.3651960751668277
-232155.70789207853 251912.13830470256 0.0 -0.0 0.0 0.9309306239901793 -0.3651960751668277
-232154.52348882068 251901.04495400478 0.0 -0.0 0.0 0.9309306239901793 -0.3651960751668277
-232153.84596941507 251900.0311141653 0.0 -0.0 0.0 0.9309306239901793 -0.3651960751668277
-232153.84596941507 251900.0311141653 0.0 0.0 0.0 0.4270604020202547 0.9042230991443972
-232156.43884310496 251897.96019446864 0.0 0.0 0.0 0.4270604020202547 0.9042230991443972
-232156.1029190698 251897.33756472883 0.0 0.0 0.0 0.4270604020202547 0.9042230991443972
-232156.1029190698 251897.33756472883 0.0 0.0 0.0 0.26552246404681495 0.9641046733039457
-232156.14174356448 251896.70199262575 0.0 0.0 0.0 0.26552246404681495 0.9641046733039457
-232156.0219671117 251895.1364583484 0.0 0.0 0.0 0.26552246404681495 0.9641046733039457
-232158.01536930425 251892.95722571612 0.0 0.0 0.0 0.26552246404681495 0.9641046733039457
-232158.01536930425 251892.95722571612 0.0 0.0 0.0 0.26552246404681495 0.9641046733039457
-232158.2418408404 251891.25981152095 0.0 0.0 0.0 0.26552246404681495 0.9641046733039457
-232158.2418408404 251891.25981152095 0.0 0.0 0.0 0.26552246404681495 0.9641046733039457
-232156.4764141504 251891.397861557 0.0 0.0 0.0 0.26552246404681495 0.9641046733039457
-232157.2453851558 251890.10030003628 0.0 0.0 0.0 0.26552246404681495 0.9641046733039457
-232157.2453851558 251890.10030003628 0.0 0.0 0.0 0.4691579327085421 0.8831142814928582
-232157.11579852703 251888.47377625186 0.0 0.0 0.0 0.4691579327085421 0.8831142814928582
-232157.93913416838 251887.68320997278 0.0 0.0 0.0 0.4691579327085421 0.8831142814928582
-232157.93913416838 251887.68320997278 0.0 0.0 0.0 0.6974841012866024 0.7166002570836969
-232157.7561037052 251886.32663106394 0.0 0.0 0.0 0.6974841012866024 0.7166002570836969
-232157.7561037052 251886.32663106394 0.0 0.0 0.0 0.6362101913905217 0.7715157758405435
-232156.02983703322 251885.3500706501 0.0 0.0 0.0 0.6362101913905217 0.7715157758405435
-232156.02983703322 251885.3500706501 0.0 0.0 0.0 0.49494919114217567 0.8689219171983786
-232154.66260242197 251884.58860440546 0.0 0.0 0.0 0.49494919114217567 0.8689219171983786
-232154.66260242197 251884.58860440546 0.0 0.0 0.0 0.3669152810872903 0.9302543611854958
-232154.15145086902 251883.7567286518 0.0 0.0 0.0 0.3669152810872903 0.9302543611854958
-232154.15145086902 251883.7567286518 0.0 0.0 0.0 0.7251604858539272 0.6885798935171548
-232156.56104558846 251882.3905649711 0.0 0.0 0.0 0.7251604858539272 0.6885798935171548
-232156.56104558846 251882.3905649711 0.0 0.0 0.0 0.7251604858539272 0.6885798935171548
-232156.19727016508 251880.60406190107 0.0 0.0 0.0 0.7251604858539272 0.6885798935171548
-232157.1502619881 251880.7646939796 0.0 0.0 0.0 0.7251604858539272 0.6885798935171548
-232157.1502619881 251880.7646939796 0.0 0.0 0.0 0.7251604858539272 0.6885798935171548
-232155.8808703727 251879.47531141478 0.0 0.0 0.0 0.7251604858539272 0.6885798935171548
-232155.8808703727 251879.47531141478 0.0 0.0 0.0 0.7251604858539272 0.6885798935171548
-232155.07281870273 251878.57235746642 0.0 0.0 0.0 0.7251604858539272 0.6885798935171548
-232155.07281870273 251878.57235746642 0.0 0.0 0.0 0.7251604858539272 0.6885798935171548
-232150.8112792698 251878.84433392386 0.0 0.0 0.0 0.7251604858539272 0.6885798935171548
-232156.17779225152 251875.33528523098 0.0 0.0 0.0 0.7251604858539272 0.6885798935171548
-232156.17779225152 251875.33528523098 0.0 0.0 0.0 0.7251604858539272 0.6885798935171548
-232156.17779225152 251875.33528523098 0.0 0.0 0.0 0.7251604858539272 0.6885798935171548
-232156.75934618182 251873.83463531497 0.0 0.0 0.0 0.7251604858539272 0.6885798935171548
-232155.94405260548 251872.99532700746 0.0 0.0 0.0 0.7251604858539272 0.6885798935171548
-232155.94405260548 251872.99532700746 0.0 0.0 0.0 0.7251604858539272 0.6885798935171548
-232156.8382500311 251871.96366885534 0.0 0.0 0.0 0.7251604858539272 0.6885798935171548
-232158.25944372662 251870.6883076592 0.0 0.0 0.0 0.7251604858539272 0.6885798935171548
-232157.39511763252 251870.2538687391 0.0 0.0 0.0 0.7251604858539272 0.6885798935171548
-232158.49648286862 251868.06310151747 0.0 0.0 0.0 0.7251604858539272 0.6885798935171548
-232160.04757420014 251866.70587623582 0.0 0.0 0.0 0.7251604858539272 0.6885798935171548
-232158.4070271856 251865.4690453177 0.0 0.0 0.0 0.7251604858539272 0.6885798935171548
-232158.4070271856 251865.4690453177 0.0 0.0 0.0 0.7251604858539272 0.6885798935171548
-232158.74871861638 251864.38278171417 0.0 0.0 0.0 0.7251604858539272 0.6885798935171548
-232159.23844040133 251862.2929451563 0.0 0.0 0.0 0.7251604858539272 0.6885798935171548
-232159.2382937321 251861.77807237624 0.0 0.0 0.0 0.7251604858539272 0.6885798935171548
-232159.2382937321 251861.77807237624 0.0 0.0 0.0 0.8658481985130735 0.5003068030035823
-232155.77444876547 251861.95879732992 0.0 0.0 0.0 0.8658481985130735 0.5003068030035823
-232155.77444876547 251861.95879732992 0.0 0.0 0.0 0.278342419356081 0.9604819090368145
-232157.69935863465 251859.01243157295 0.0 0.0 0.0 0.278342419356081 0.9604819090368145
-232157.69935863465 251859.01243157295 0.0 0.0 0.0 0.2779090527132507 0.9606073903630055
-232158.28873409375 251857.6214708349 0.0 0.0 0.0 0.2779090527132507 0.9606073903630055
-232158.28873409375 251857.6214708349 0.0 0.0 0.0 0.2779090527132507 0.9606073903630055
-232157.31276881057 251857.41280766422 0.0 0.0 0.0 0.2779090527132507 0.9606073903630055
-232157.31276881057 251857.41280766422 0.0 0.0 0.0 0.9801983179756808 0.19801832601465488
-232156.31522014047 251855.79678040702 0.0 0.0 0.0 0.9801983179756808 0.19801832601465488
-232156.31522014047 251855.79678040702 0.0 0.0 0.0 0.9801983179756808 0.19801832601465488
-232157.6570671049 251855.15106663067 0.0 0.0 0.0 0.9801983179756808 0.19801832601465488
-232157.6570671049 251855.15106663067 0.0 -0.0 0.0 0.12067828607283493 -0.9926916697900325
-232157.56492298495 251852.61017609978 0.0 -0.0 0.0 0.12067828607283493 -0.9926916697900325
-232157.38024158953 251851.64741907394 0.0 -0.0 0.0 0.12067828607283493 -0.9926916697900325
-232157.38024158953 251851.64741907394 0.0 0.0 0.0 0.25607342620385337 0.9666573334911497
-232157.24004685806 251850.46927089023 0.0 0.0 0.0 0.25607342620385337 0.9666573334911497
-232157.24004685806 251850.46927089023 0.0 -0.0 0.0 0.18946304868139985 -0.9818878516329396
-232156.9278502034 251850.17221730977 0.0 -0.0 0.0 0.18946304868139985 -0.9818878516329396
-232156.35165531712 251849.02392126975 0.0 -0.0 0.0 0.18946304868139985 -0.9818878516329396
-232156.35165531712 251849.02392126975 0.0 0.0 0.0 0.7367311601827004 0.676185771527213
-232159.34309600154 251847.12593913847 0.0 0.0 0.0 0.7367311601827004 0.676185771527213
-232159.34309600154 251847.12593913847 0.0 0.0 0.0 0.7367311601827004 0.676185771527213
-232157.5983568373 251847.2611125938 0.0 0.0 0.0 0.7367311601827004 0.676185771527213
-232157.5983568373 251847.2611125938 0.0 0.0 0.0 0.008823397542415961 0.9999610730702513
-232159.2171933338 251845.30103322014 0.0 0.0 0.0 0.008823397542415961 0.9999610730702513
-232159.2171933338 251845.30103322014 0.0 0.0 0.0 0.4049421178683117 0.9143423216587573
-232157.22876341184 251843.8004612636 0.0 0.0 0.0 0.4049421178683117 0.9143423216587573
-232157.22876341184 251843.8004612636 0.0 -0.0 0.0 0.05571433428766441 -0.9984467501849472
-232156.878887986 251842.58932302057 0.0 -0.0 0.0 0.05571433428766441 -0.9984467501849472
-232156.878887986 251842.58932302057 0.0 0.0 0.0 0.4650019770408681 0.8853096415085989
-232158.12526373292 251840.89488855214 0.0 0.0 0.0 0.4650019770408681 0.8853096415085989
-232158.12526373292 251840.89488855214 0.0 0.0 0.0 0.4650019770408681 0.8853096415085989
-232158.6175603128 251839.65286757215 0.0 0.0 0.0 0.4650019770408681 0.8853096415085989
-232158.6175603128 251839.65286757215 0.0 0.0 0.0 0.4650019770408681 0.8853096415085989
-232160.8638021766 251836.87459332426 0.0 0.0 0.0 0.4650019770408681 0.8853096415085989
-232160.8638021766 251836.87459332426 0.0 0.0 0.0 0.2898629296496439 0.9570681699936142
-232160.8183438564 251835.26165086348 0.0 0.0 0.0 0.2898629296496439 0.9570681699936142
-232160.8183438564 251835.26165086348 0.0 0.0 0.0 0.6183158094821938 0.7859297422444194
-232160.283074567 251833.60547100968 0.0 0.0 0.0 0.6183158094821938 0.7859297422444194
-232160.283074567 251833.60547100968 0.0 0.0 0.0 0.6998665715784215 0.7142736044311495
-232159.42800641106 251833.1632966004 0.0 0.0 0.0 0.6998665715784215 0.7142736044311495
-232159.42800641106 251833.1632966004 0.0 0.0 0.0 0.5674514768024472 0.8234068383701472
-232163.64492503233 251830.00240022744 0.0 0.0 0.0 0.5674514768024472 0.8234068383701472
-232163.64492503233 251830.00240022744 0.0 0.0 0.0 0.5674514768024472 0.8234068383701472
-232157.97214341362 251831.55106270136 0.0 0.0 0.0 0.5674514768024472 0.8234068383701472
-232157.97214341362 251831.55106270136 0.0 0.0 0.0 0.6715143381028753 0.7409915611680455
-232160.1950613703 251829.4222527652 0.0 0.0 0.0 0.6715143381028753 0.7409915611680455
-232160.1950613703 251829.4222527652 0.0 0.0 0.0 0.6715143381028753 0.7409915611680455
-232157.5114623008 251829.4825448662 0.0 0.0 0.0 0.6715143381028753 0.7409915611680455
-232157.5114623008 251829.4825448662 0.0 0.0 0.0 0.6715143381028753 0.7409915611680455
-232160.90033070606 251827.46029418128 0.0 0.0 0.0 0.6715143381028753 0.7409915611680455
-232157.52029832514 251825.4832520101 0.0 0.0 0.0 0.6715143381028753 0.7409915611680455
-232160.39424946197 251822.55964241948 0.0 0.0 0.0 0.6715143381028753 0.7409915611680455
-232160.39424946197 251822.55964241948 0.0 -0.0 0.0 0.8775774555954002 -0.47943488549614677
-232160.84846171795 251821.46190858813 0.0 -0.0 0.0 0.8775774555954002 -0.47943488549614677
-232161.28024487442 251819.5010033063 0.0 -0.0 0.0 0.8775774555954002 -0.47943488549614677
-232161.26275005366 251819.46307855513 0.0 -0.0 0.0 0.8775774555954002 -0.47943488549614677
-232162.18156172114 251817.1921287551 0.0 -0.0 0.0 0.8775774555954002 -0.47943488549614677
-232162.99711564858 251816.2223717998 0.0 -0.0 0.0 0.8775774555954002 -0.47943488549614677
-232161.39125898166 251815.4553036177 0.0 -0.0 0.0 0.8775774555954002 -0.47943488549614677
-232161.39125898166 251815.4553036177 0.0 -0.0 0.0 0.8775774555954002 -0.47943488549614677
-232161.17639358854 251814.337648292 0.0 -0.0 0.0 0.8775774555954002 -0.47943488549614677
-232161.33194925688 251813.08124352427 0.0 -0.0 0.0 0.8775774555954002 -0.47943488549614677
-232161.33194925688 251813.08124352427 0.0 0.0 0.0 0.25574948185054736 0.9667430902433058
-232161.0276409795 251811.45639422862 0.0 0.0 0.0 0.25574948185054736 0.9667430902433058
-232161.0276409795 251811.45639422862 0.0 -0.0 0.0 0.4295073594359315 -0.9030633577941104
-232160.5038465841 251809.87069658856 0.0 -0.0 0.0 0.4295073594359315 -0.9030633577941104
-232161.6903015894 251807.5983808396 0.0 -0.0 0.0 0.4295073594359315 -0.9030633577941104
-232158.68111732576 251808.84608001277 0.0 -0.0 0.0 0.4295073594359315 -0.9030633577941104
-232155.6063222801 251808.42401425648 0.0 -0.0 0.0 0.4295073594359315 -0.9030633577941104
-232156.2772783958 251807.31387350164 0.0 -0.0 0.0 0.4295073594359315 -0.9030633577941104
-232156.2772783958 251807.31387350164 0.0 -0.0 0.0 0.4295073594359315 -0.9030633577941104
-232156.74984892606 251807.20047263862 0.0 -0.0 0.0 0.4295073594359315 -0.9030633577941104
-232156.74984892606 251807.20047263862 0.0 -0.0 0.0 0.4295073594359315 -0.9030633577941104
-232156.62685541515 251806.9521871979 0.0 -0.0 0.0 0.4295073594359315 -0.9030633577941104
-232156.62685541515 251806.9521871979 0.0 -0.0 0.0 0.4295073594359315 -0.9030633577941104
-232160.15947422324 251805.50416692454 0.0 -0.0 0.0 0.4295073594359315 -0.9030633577941104
-232160.15947422324 251805.50416692454 0.0 -0.0 0.0 0.4295073594359315 -0.9030633577941104
-232159.56190983075 251804.6925474947 0.0 -0.0 0.0 0.4295073594359315 -0.9030633577941104
-232159.31226850694 251804.42670029277 0.0 -0.0 0.0 0.4295073594359315 -0.9030633577941104
-232160.99326958248 251802.7126065671 0.0 -0.0 0.0 0.4295073594359315 -0.9030633577941104
-232161.8379416753 251802.69370096797 0.0 -0.0 0.0 0.4295073594359315 -0.9030633577941104
-232161.8379416753 251802.69370096797 0.0 -0.0 0.0 0.10402594506485921 -0.9945745838062438
-232162.5012767302 251801.7423213929 0.0 -0.0 0.0 0.10402594506485921 -0.9945745838062438
-232164.3009335276 251802.70244579055 0.0 -0.0 0.0 0.10402594506485921 -0.9945745838062438
-232165.4296096451 251800.90416086084 0.0 -0.0 0.0 0.10402594506485921 -0.9945745838062438
-232164.31818568654 251801.680111254 0.0 -0.0 0.0 0.10402594506485921 -0.9945745838062438
-232166.03620977764 251798.89159309203 0.0 -0.0 0.0 0.10402594506485921 -0.9945745838062438
-232166.03620977764 251798.89159309203 0.0 -0.0 0.0 0.10402594506485921 -0.9945745838062438
-232167.03280597093 251795.73149281452 0.0 -0.0 0.0 0.10402594506485921 -0.9945745838062438
-232166.44749178638 251798.41899726112 0.0 -0.0 0.0 0.10402594506485921 -0.9945745838062438
-232166.44749178638 251798.41899726112 0.0 -0.0 0.0 0.10402594506485921 -0.9945745838062438
-232166.44749178638 251798.41899726112 0.0 -0.0 0.0 0.10402594506485921 -0.9945745838062438
-232166.44749178638 251798.41899726112 0.0 -0.0 0.0 0.10402594506485921 -0.9945745838062438
-232166.44749178638 251798.41899726112 0.0 -0.0 0.0 0.10402594506485921 -0.9945745838062438
-232166.44749178638 251798.41899726112 0.0 -0.0 0.0 0.10402594506485921 -0.9945745838062438
-232166.44749178638 251798.41899726112 0.0 -0.0 0.0 0.10402594506485921 -0.9945745838062438
-232166.44749178638 251798.41899726112 0.0 -0.0 0.0 0.10402594506485921 -0.9945745838062438
-232166.44749178638 251798.41899726112 0.0 -0.0 0.0 0.10402594506485921 -0.9945745838062438
-232166.44749178638 251798.41899726112 0.0 -0.0 0.0 0.10402594506485921 -0.9945745838062438
-232166.44749178638 251798.41899726112 0.0 -0.0 0.0 0.10402594506485921 -0.9945745838062438
-232166.44749178638 251798.41899726112 0.0 -0.0 0.0 0.10402594506485921 -0.9945745838062438
-232166.44749178638 251798.41899726112 0.0 -0.0 0.0 0.10402594506485921 -0.9945745838062438
-232166.44749178638 251798.41899726112 0.0 -0.0 0.0 0.10402594506485921 -0.9945745838062438
-232166.44749178638 251798.41899726112 0.0 -0.0 0.0 0.10402594506485921 -0.9945745838062438
-232166.44749178638 251798.41899726112 0.0 -0.0 0.0 0.10402594506485921 -0.9945745838062438
-232166.44749178638 251798.41899726112 0.0 -0.0 0.0 0.10402594506485921 -0.9945745838062438
-232166.44749178638 251798.41899726112 0.0 -0.0 0.0 0.10402594506485921 -0.9945745838062438
-232166.44749178638 251798.41899726112 0.0 -0.0 0.0 0.10402594506485921 -0.9945745838062438
-232166.44749178638 251798.41899726112 0.0 -0.0 0.0 0.10402594506485921 -0.9945745838062438
-232166.44749178638 251798.41899726112 0.0 -0.0 0.0 0.10402594506485921 -0.9945745838062438
-232166.44749178638 251798.41899726112 0.0 -0.0 0.0 0.10402594506485921 -0.9945745838062438
-232166.44749178638 251798.41899726112 0.0 -0.0 0.0 0.10402594506485921 -0.9945745838062438
-232166.44749178638 251798.41899726112 0.0 -0.0 0.0 0.10402594506485921 -0.9945745838062438
-232166.44749178638 251798.41899726112 0.0 -0.0 0.0 0.10402594506485921 -0.9945745838062438
-232166.44749178638 251798.41899726112 0.0 -0.0 0.0 0.10402594506485921 -0.9945745838062438
-232166.44749178638 251798.41899726112 0.0 -0.0 0.0 0.10402594506485921 -0.9945745838062438
-232166.44749178638 251798.41899726112 0.0 -0.0 0.0 0.10402594506485921 -0.9945745838062438
-232166.44749178638 251798.41899726112 0.0 -0.0 0.0 0.10402594506485921 -0.9945745838062438
-232166.44749178638 251798.41899726112 0.0 -0.0 0.0 0.10402594506485921 -0.9945745838062438
-232166.44749178638 251798.41899726112 0.0 -0.0 0.0 0.10402594506485921 -0.9945745838062438
-232166.44749178638 251798.41899726112 0.0 -0.0 0.0 0.10402594506485921 -0.9945745838062438
-232166.44749178638 251798.41899726112 0.0 -0.0 0.0 0.10402594506485921 -0.9945745838062438
-232166.44749178638 251798.41899726112 0.0 -0.0 0.0 0.10402594506485921 -0.9945745838062438
-232166.44749178638 251798.41899726112 0.0 -0.0 0.0 0.10402594506485921 -0.9945745838062438
-232166.44749178638 251798.41899726112 0.0 -0.0 0.0 0.10402594506485921 -0.9945745838062438
-232166.44749178638 251798.41899726112 0.0 -0.0 0.0 0.10402594506485921 -0.9945745838062438
-232166.44749178638 251798.41899726112 0.0 -0.0 0.0 0.10402594506485921 -0.9945745838062438
-232166.44749178638 251798.41899726112 0.0 -0.0 0.0 0.10402594506485921 -0.9945745838062438
-232166.44749178638 251798.41899726112 0.0 -0.0 0.0 0.10402594506485921 -0.9945745838062438
-232166.44749178638 251798.41899726112 0.0 -0.0 0.0 0.10402594506485921 -0.9945745838062438
-232166.44749178638 251798.41899726112 0.0 -0.0 0.0 0.10402594506485921 -0.9945745838062438
