-232168.8256031923 251793.9248587282 0.0 -0.0 0.0 0.588978458740222 -0.8081487333034635
-232169.1839228513 251793.8396623514 0.0 -0.0 0.0 0.588978458740222 -0.8081487333034635
-232169.1839228513 251793.8396623514 0.0 -0.0 0.0 0.588978458740222 -0.8081487333034635
-232169.47545443775 251794.0416963671 0.0 -0.0 0.0 0.588978458740222 -0.8081487333034635
-232172.49387867676 251792.72374039167 0.0 -0.0 0.0 0.588978458740222 -0.8081487333034635
-232169.70573264183 251796.01854428253 0.0 -0.0 0.0 0.588978458740222 -0.8081487333034635
-232168.16025524677 251793.9817099853 0.0 -0.0 0.0 0.588978458740222 -0.8081487333034635
-232168.16025524677 251793.9817099853 0.0 0.0 0.0 0.1990438233265867 0.9799905899525436
-232168.9334904667 251793.16488014793 0.0 0.0 0.0 0.1990438233265867 0.9799905899525436
-232168.9334904667 251793.16488014793 0.0 0.0 0.0 0.2603427384947942 0.9655162652762672
-232168.38972182196 251793.53720177454 0.0 0.0 0.0 0.2603427384947942 0.9655162652762672
-232168.38972182196 251793.53720177454 0.0 0.0 0.0 0.7809315876596786 0.6246165666993901
-232167.74598742658 251794.29354378107 0.0 0.0 0.0 0.7809315876596786 0.6246165666993901
-232167.74598742658 251794.29354378107 0.0 0.0 0.0 0.7809315876596786 0.6246165666993901
-232168.57561924405 251793.78607177586 0.0 0.0 0.0 0.7809315876596786 0.6246165666993901
-232168.57561924405 251793.78607177586 0.0 0.0 0.0 0.7809315876596786 0.6246165666993901
-232167.27206525413 251793.99653548878 0.0 0.0 0.0 0.7809315876596786 0.6246165666993901
-232167.27206525413 251793.99653548878 0.0 0.0 0.0 0.7809315876596786 0.6246165666993901
-232165.95571734846 251793.33362393818 0.0 0.0 0.0 0.7809315876596786 0.6246165666993901
-232165.95571734846 251793.33362393818 0.0 0.0 0.0 0.7809315876596786 0.6246165666993901
-232166.19410200263 251792.5711507475 0.0 0.0 0.0 0.7809315876596786 0.6246165666993901
-232166.19410200263 251792.5711507475 0.0 0.0 0.0 0.5478275338571508 0.8365912939709522
-232165.73678950986 251791.99800047168 0.0 0.0 0.0 0.5478275338571508 0.8365912939709522
-232165.73678950986 251791.99800047168 0.0 0.0 0.0 0.5478275338571508 0.8365912939709522
-232164.9930103574 251790.97901420278 0.0 0.0 0.0 0.5478275338571508 0.8365912939709522
-232164.9930103574 251790.97901420278 0.0 0.0 0.0 0.9287943535894057 0.37059553254247146
-232162.67409788657 251789.74505092218 0.0 0.0 0.0 0.9287943535894057 0.37059553254247146
-232165.529179975 251789.40554926838 0.0 0.0 0.0 0.9287943535894057 0.37059553254247146
-232164.00446752596 251788.1520152778 0.0 0.0 0.0 0.9287943535894057 0.37059553254247146
-232164.41400644774 251787.02617751496 0.0 0.0 0.0 0.9287943535894057 0.37059553254247146
-232164.41400644774 251787.02617751496 0.0 0.0 0.0 0.5765407013023559 0.8170684302687184
-232162.55872215042 251785.7978698502 0.0 0.0 0.0 0.5765407013023559 0.8170684302687184
-232162.55872215042 251785.7978698502 0.0 0.0 0.0 0.5765407013023559 0.8170684302687184
-232159.12878615226 251785.07547226854 0.0 0.0 0.0 0.5765407013023559 0.8170684302687184
-232159.12878615226 251785.07547226854 0.0 0.0 0.0 0.9941844680059226 0.10769049900423215
-232170.08062169177 251781.6602732213 0.0 0.0 0.0 0.9941844680059226 0.10769049900423215
-232170.08062169177 251781.6602732213 0.0 0.0 0.0 0.9767005660351591 0.2146066268934858
-232165.57099468034 251783.2658597667 0.0 0.0 0.0 0.9767005660351591 0.2146066268934858
-232165.57099468034 251783.2658597667 0.0 0.0 0.0 0.980360939845128 0.1972116315686715
-232165.88540489352 251781.6642188607 0.0 0.0 0.0 0.980360939845128 0.1972116315686715
-232165.88540489352 251781.6642188607 0.0 0.0 0.0 0.9807176329207681 0.19543010125946741
-232165.35608264784 251780.58136819743 0.0 0.0 0.0 0.9807176329207681 0.19543010125946741
-232165.35608264784 251780.58136819743 0.0 0.0 0.0 0.9821840840242312 0.18792132686175325
-232164.80200581966 251779.66852594103 0.0 0.0 0.0 0.9821840840242312 0.18792132686175325
-232164.80200581966 251779.66852594103 0.0 0.0 0.0 0.9829802676002661 0.1837111687092246
-232165.89722020068 251778.49169915245 0.0 0.0 0.0 0.9829802676002661 0.1837111687092246
-232165.89722020068 251778.49169915245 0.0 0.0 0.0 0.9842590587910237 0.1767317322605314
-232166.11770131273 251777.22478999788 0.0 0.0 0.0 0.9842590587910237 0.1767317322605314
-232166.11770131273 251777.22478999788 0.0 0.0 0.0 0.9880769056107663 0.15396112690758246
-232166.23722764643 251776.22437474257 0.0 0.0 0.0 0.9880769056107663 0.15396112690758246
-232166.23722764643 251776.22437474257 0.0 0.0 0.0 0.9880769056107663 0.15396112690758246
-232165.43027596376 251775.36934379287 0.0 0.0 0.0 0.9880769056107663 0.15396112690758246
-232165.51611263145 251774.53437101128 0.0 0.0 0.0 0.9880769056107663 0.15396112690758246
-232165.51611263145 251774.53437101128 0.0 0.0 0.0 0.9880769056107663 0.15396112690758246
-232166.25668282152 251773.6351021862 0.0 0.0 0.0 0.9880769056107663 0.15396112690758246
-232166.24112012543 251772.72634298852 0.0 0.0 0.0 0.9880769056107663 0.15396112690758246
-232166.5654892253 251771.7776654352 0.0 0.0 0.0 0.9880769056107663 0.15396112690758246
-232166.5654892253 251771.7776654352 0.0 0.0 0.0 0.9880769056107663 0.15396112690758246
-232167.18322140598 251770.40448923394 0.0 0.0 0.0 0.9880769056107663 0.15396112690758246
-232167.18322140598 251770.40448923394 0.0 0.0 0.0 0.9880769056107663 0.15396112690758246
-232166.0302320173 251770.18604062064 0.0 0.0 0.0 0.9880769056107663 0.15396112690758246
-232167.70199100944 251768.74730448457 0.0 0.0 0.0 0.9880769056107663 0.15396112690758246
-232167.70199100944 251768.74730448457 0.0 0.0 0.0 0.22824636702749043 0.9736034079330003
-232167.53615738527 251768.33224420954 0.0 0.0 0.0 0.22824636702749043 0.9736034079330003
-232168.34325134207 251766.67858404206 0.0 0.0 0.0 0.22824636702749043 0.9736034079330003
-232166.63554128748 251766.4642917235 0.0 0.0 0.0 0.22824636702749043 0.9736034079330003
-232166.63554128748 251766.4642917235 0.0 0.0 0.0 0.22824636702749043 0.9736034079330003
-232165.49045649602 251765.67252073722 0.0 0.0 0.0 0.22824636702749043 0.9736034079330003
-232165.49045649602 251765.67252073722 0.0 0.0 0.0 0.22824636702749043 0.9736034079330003
-232168.75179070386 251765.23204075784 0.0 0.0 0.0 0.22824636702749043 0.9736034079330003
-232170.70385638822 251764.49516829016 0.0 0.0 0.0 0.22824636702749043 0.9736034079330003
-232170.70385638822 251764.49516829016 0.0 0.0 0.0 0.22824636702749043 0.9736034079330003
-232170.24725219066 251764.21592251916 0.0 0.0 0.0 0.22824636702749043 0.9736034079330003
-232171.85312923416 251763.1498789639 0.0 0.0 0.0 0.22824636702749043 0.9736034079330003
-232172.531492432 251762.39868212357 0.0 0.0 0.0 0.22824636702749043 0.9736034079330003
-232173.19581453316 251761.7827387029 0.0 0.0 0.0 0.22824636702749043 0.9736034079330003
-232173.19581453316 251761.7827387029 0.0 0.0 0.0 0.22824636702749043 0.9736034079330003
-232172.96282781917 251761.9808965554 0.0 0.0 0.0 0.22824636702749043 0.9736034079330003
-232172.96282781917 251761.9808965554 0.0 0.0 0.0 0.22824636702749043 0.9736034079330003
-232174.13928329025 251761.16753040307 0.0 0.0 0.0 0.22824636702749043 0.9736034079330003
-232176.20234615816 251760.91096565832 0.0 0.0 0.0 0.22824636702749043 0.9736034079330003
-232177.14579777123 251759.89480999025 0.0 0.0 0.0 0.22824636702749043 0.9736034079330003
-232180.16559906746 251759.86054590304 0.0 0.0 0.0 0.22824636702749043 0.9736034079330003
-232180.16559906746 251759.86054590304 0.0 0.0 0.0 0.22824636702749043 0.9736034079330003
-232178.15709360462 251761.43284655322 0.0 0.0 0.0 0.22824636702749043 0.9736034079330003
-232180.12712379394 251761.6639681026 0.0 0.0 0.0 0.22824636702749043 0.9736034079330003
-232180.12712379394 251761.6639681026 0.0 0.0 0.0 0.22824636702749043 0.9736034079330003
-232181.40256375878 251762.17674206948 0.0 0.0 0.0 0.22824636702749043 0.9736034079330003
-232184.70513260423 251762.9289138639 0.0 0.0 0.0 0.22824636702749043 0.9736034079330003
-232181.05049027322 251764.15381335613 0.0 0.0 0.0 0.22824636702749043 0.9736034079330003
-232181.05049027322 251764.15381335613 0.0 0.0 0.0 0.48196242949092205 0.8761918834132213
-232182.41200270434 251764.21873612213 0.0 0.0 0.0 0.48196242949092205 0.8761918834132213
-232187.88333860238 251762.98414886626 0.0 0.0 0.0 0.48196242949092205 0.8761918834132213
-232188.6667992635 251762.74364597374 0.0 0.0 0.0 0.48196242949092205 0.8761918834132213
-232188.6667992635 251762.74364597374 0.0 0.0 0.0 0.8912682518778288 0.4534764637714279
-232185.86089863264 251763.97566570848 0.0 0.0 0.0 0.8912682518778288 0.4534764637714279
-232187.93160328575 251764.03181699006 0.0 0.0 0.0 0.8912682518778288 0.4534764637714279
-232187.93160328575 251764.03181699006 0.0 0.0 0.0 0.7028902304137449 0.7112983368382866
-232186.61162210922 251764.15044584117 0.0 0.0 0.0 0.7028902304137449 0.7112983368382866
-232186.61162210922 251764.15044584117 0.0 0.0 0.0 0.9493355634341615 0.3142642009506383
-232186.61162210922 251764.15044584117 0.0 0.0 0.0 0.9493355634341615 0.3142642009506383
-232186.61162210922 251764.15044584117 0.0 0.0 0.0 0.9493355634341615 0.3142642009506383
-232193.8990872539 251762.30708434302 0.0 0.0 0.0 0.9493355634341615 0.3142642009506383
-232193.8990872539 251762.30708434302 0.0 0.0 0.0 0.9812260745839729 0.19286106542412243
-232194.29035434488 251764.27822501687 0.0 0.0 0.0 0.9812260745839729 0.19286106542412243
-232194.29035434488 251764.27822501687 0.0 0.0 0.0 0.9812260745839729 0.19286106542412243
-232192.9334409375 251764.18921342547 0.0 0.0 0.0 0.9812260745839729 0.19286106542412243
-232195.24124861328 251763.86587386727 0.0 0.0 0.0 0.9812260745839729 0.19286106542412243
-232194.15277289768 251764.03516852352 0.0 0.0 0.0 0.9812260745839729 0.19286106542412243
-232194.15277289768 251764.03516852352 0.0 0.0 0.0 0.9812260745839729 0.19286106542412243
-232194.5848313921 251763.96489967182 0.0 0.0 0.0 0.9812260745839729 0.19286106542412243
-232194.5848313921 251763.96489967182 0.0 -0.0 0.0 0.991531664885139 -0.12986515133054102
-232196.20318606548 251764.68716385044 0.0 -0.0 0.0 0.991531664885139 -0.12986515133054102
-232195.7692172078 251763.4001250003 0.0 -0.0 0.0 0.991531664885139 -0.12986515133054102
-232195.7692172078 251763.4001250003 0.0 -0.0 0.0 0.9992531020610793 -0.038642438087033756
-232196.1163261962 251763.38445479688 0.0 -0.0 0.0 0.9992531020610793 -0.038642438087033756
-232197.6392546715 251763.61320901275 0.0 -0.0 0.0 0.9992531020610793 -0.038642438087033756
-232197.6392546715 251763.61320901275 0.0 0.0 0.0 0.9126555658856358 0.4087295169888883
-232197.2800525727 251763.15561879324 0.0 0.0 0.0 0.9126555658856358 0.4087295169888883
-232197.2800525727 251763.15561879324 0.0 -0.0 0.0 0.9602586190384943 -0.27911177789961467
-232195.90887049065 251763.84105487997 0.0 -0.0 0.0 0.9602586190384943 -0.27911177789961467
-232195.90887049065 251763.84105487997 0.0 -0.0 0.0 0.4933628099255061 -0.8698236245253453
-232198.22208004782 251763.76927527128 0.0 -0.0 0.0 0.4933628099255061 -0.8698236245253453
-232198.22208004782 251763.76927527128 0.0 -0.0 0.0 0.4933628099255061 -0.8698236245253453
-232199.83244797937 251763.9566646646 0.0 -0.0 0.0 0.4933628099255061 -0.8698236245253453
-232199.83244797937 251763.9566646646 0.0 0.0 0.0 0.029066982064478705 0.999577466009345
-232200.1760738841 251764.43049182673 0.0 0.0 0.0 0.029066982064478705 0.999577466009345
-232202.3624674042 251764.6393443544 0.0 0.0 0.0 0.029066982064478705 0.999577466009345
-232202.3624674042 251764.6393443544 0.0 0.0 0.0 0.8300025504804112 0.5577595953419471
-232201.6733938544 251764.0838843219 0.0 0.0 0.0 0.8300025504804112 0.5577595953419471
-232201.6733938544 251764.0838843219 0.0 0.0 0.0 0.8802646128567451 0.47448309912173336
-232202.33988422184 251765.71370619422 0.0 0.0 0.0 0.8802646128567451 0.47448309912173336
-232206.1584343033 251764.63350429552 0.0 0.0 0.0 0.8802646128567451 0.47448309912173336
-232206.1584343033 251764.63350429552 0.0 0.0 0.0 0.8186471832483406 0.5742967781204747
-232207.0850108372 251764.46759873518 0.0 0.0 0.0 0.8186471832483406 0.5742967781204747
-232207.52315060367 251764.42908788548 0.0 0.0 0.0 0.8186471832483406 0.5742967781204747
-232207.52315060367 251764.42908788548 0.0 0.0 0.0 0.8186471832483406 0.5742967781204747
-232209.4175296652 251764.02107848675 0.0 0.0 0.0 0.8186471832483406 0.5742967781204747
-232212.25672587546 251764.16245402425 0.0 0.0 0.0 0.8186471832483406 0.5742967781204747
-232212.25672587546 251764.16245402425 0.0 0.0 0.0 0.8186471832483406 0.5742967781204747
-232213.78182214385 251764.9543969932 0.0 0.0 0.0 0.8186471832483406 0.5742967781204747
-232213.78182214385 251764.9543969932 0.0 0.0 0.0 0.8186471832483406 0.5742967781204747
-232213.4631532885 251765.00069632736 0.0 0.0 0.0 0.8186471832483406 0.5742967781204747
-232215.5440941671 251764.53906368074 0.0 0.0 0.0 0.8186471832483406 0.5742967781204747
-232218.491858235 251763.39027585817 0.0 0.0 0.0 0.8186471832483406 0.5742967781204747
-232218.491858235 251763.39027585817 0.0 0.0 0.0 0.7332761138746662 0.6799309823951749
-232218.491858235 251763.39027585817 0.0 0.0 0.0 0.7332761138746662 0.6799309823951749
-232218.491858235 251763.39027585817 0.0 0.0 0.0 0.7332761138746662 0.6799309823951749
-232218.491858235 251763.39027585817 0.0 0.0 0.0 0.7332761138746662 0.6799309823951749
-232218.491858235 251763.39027585817 0.0 0.0 0.0 0.7332761138746662 0.6799309823951749
-232220.47538714233 251766.31159067407 0.0 0.0 0.0 0.7332761138746662 0.6799309823951749
-232220.47538714233 251766.31159067407 0.0 0.0 0.0 0.7332761138746662 0.6799309823951749
-232220.47538714233 251766.31159067407 0.0 0.0 0.0 0.7332761138746662 0.6799309823951749
-232220.47538714233 251766.31159067407 0.0 0.0 0.0 0.7332761138746662 0.6799309823951749
-232220.47538714233 251766.31159067407 0.0 0.0 0.0 0.7332761138746662 0.6799309823951749
-232220.47538714233 251766.31159067407 0.0 0.0 0.0 0.7332761138746662 0.6799309823951749
-232220.47538714233 251766.31159067407 0.0 0.0 0.0 0.7332761138746662 0.6799309823951749
-232220.47538714233 251766.31159067407 0.0 0.0 0.0 0.7332761138746662 0.6799309823951749
-232220.47538714233 251766.31159067407 0.0 0.0 0.0 0.7332761138746662 0.6799309823951749
-232220.47538714233 251766.31159067407 0.0 0.0 0.0 0.7332761138746662 0.6799309823951749
-232220.47538714233 251766.31159067407 0.0 0.0 0.0 0.7332761138746662 0.6799309823951749
-232220.47538714233 251766.31159067407 0.0 0.0 0.0 0.7332761138746662 0.6799309823951749
-232220.47538714233 251766.31159067407 0.0 0.0 0.0 0.7332761138746662 0.6799309823951749
-232220.47538714233 251766.31159067407 0.0 0.0 0.0 0.7332761138746662 0.6799309823951749
-232220.47538714233 251766.31159067407 0.0 0.0 0.0 0.7332761138746662 0.6799309823951749
-232220.47538714233 251766.31159067407 0.0 0.0 0.0 0.7332761138746662 0.6799309823951749
-232220.47538714233 251766.31159067407 0.0 0.0 0.0 0.7332761138746662 0.6799309823951749
-232220.47538714233 251766.31159067407 0.0 0.0 0.0 0.7332761138746662 0.6799309823951749
-232220.47538714233 251766.31159067407 0.0 0.0 0.0 0.7332761138746662 0.6799309823951749
-232220.47538714233 251766.31159067407 0.0 0.0 0.0 0.7332761138746662 0.6799309823951749
-232220.47538714233 251766.31159067407 0.0 0.0 0.0 0.7332761138746662 0.6799309823951749
-232220.47538714233 251766.31159067407 0.0 0.0 0.0 0.7332761138746662 0.6799309823951749
-232220.47538714233 251766.31159067407 0.0 0.0 0.0 0.7332761138746662 0.6799309823951749
-232220.47538714233 251766.31159067407 0.0 0.0 0.0 0.7332761138746662 0.6799309823951749
-232220.47538714233 251766.31159067407 0.0 0.0 0.0 0.7332761138746662 0.6799309823951749
-232220.47538714233 251766.31159067407 0.0 0.0 0.0 0.7332761138746662 0.6799309823951749
-232220.47538714233 251766.31159067407 0.0 0.0 0.0 0.7332761138746662 0.6799309823951749
-232220.47538714233 251766.31159067407 0.0 0.0 0.0 0.7332761138746662 0.6799309823951749
-232220.47538714233 251766.31159067407 0.0 0.0 0.0 0.7332761138746662 0.6799309823951749
-232220.47538714233 251766.31159067407 0.0 0.0 0.0 0.7332761138746662 0.6799309823951749
-232220.47538714233 251766.31159067407 0.0 0.0 0.0 0.7332761138746662 0.6799309823951749
-232243.46524341265 251767.39079808604 0.0 0.0 0.0 0.7332761138746662 0.6799309823951749
-232243.46524341265 251767.39079808604 0.0 0.0 0.0 0.4236722489244543 0.9058155582077928
-232244.14773271035 251766.78202782877 0.0 0.0 0.0 0.4236722489244543 0.9058155582077928
-232244.14773271035 251766.78202782877 0.0 0.0 0.0 0.5677726290569004 0.8231854236402728
-232245.5522656183 251766.9529228684 0.0 0.0 0.0 0.5677726290569004 0.8231854236402728
-232245.5522656183 251766.9529228684 0.0 0.0 0.0 0.5744303641029055 0.818553453841961
-232248.88958176845 251767.24163207732 0.0 0.0 0.0 0.5744303641029055 0.818553453841961
-232248.88958176845 251767.24163207732 0.0 0.0 0.0 0.5744303641029055 0.818553453841961
-232248.88958176845 251767.24163207732 0.0 0.0 0.0 0.5744303641029055 0.818553453841961
-232248.88958176845 251767.24163207732 0.0 0.0 0.0 0.5744303641029055 0.818553453841961
-232248.88958176845 251767.24163207732 0.0 0.0 0.0 0.5744303641029055 0.818553453841961
-232248.88958176845 251767.24163207732 0.0 0.0 0.0 0.5744303641029055 0.818553453841961
-232248.88958176845 251767.24163207732 0.0 0.0 0.0 0.5744303641029055 0.818553453841961
-232248.88958176845 251767.24163207732 0.0 0.0 0.0 0.5744303641029055 0.818553453841961
-232248.88958176845 251767.24163207732 0.0 0.0 0.0 0.5744303641029055 0.818553453841961
-232248.88958176845 251767.24163207732 0.0 0.0 0.0 0.5744303641029055 0.818553453841961
-232248.88958176845 251767.24163207732 0.0 0.0 0.0 0.5744303641029055 0.818553453841961
-232248.88958176845 251767.24163207732 0.0 0.0 0.0 0.5744303641029055 0.818553453841961
-232248.88958176845 251767.24163207732 0.0 0.0 0.0 0.5744303641029055 0.818553453841961
-232248.88958176845 251767.24163207732 0.0 0.0 0.0 0.5744303641029055 0.818553453841961
-232248.88958176845 251767.24163207732 0.0 0.0 0.0 0.5744303641029055 0.818553453841961
-232248.88958176845 251767.24163207732 0.0 0.0 0.0 0.5744303641029055 0.818553453841961
-232248.88958176845 251767.24163207732 0.0 0.0 0.0 0.5744303641029055 0.818553453841961
-232248.88958176845 251767.24163207732 0.0 0.0 0.0 0.5744303641029055 0.818553453841961
-232248.88958176845 251767.24163207732 0.0 0.0 0.0 0.5744303641029055 0.818553453841961
-232248.88958176845 251767.24163207732 0.0 0.0 0.0 0.5744303641029055 0.818553453841961
-232248.88958176845 251767.24163207732 0.0 0.0 0.0 0.5744303641029055 0.818553453841961
-232248.88958176845 251767.24163207732 0.0 0.0 0.0 0.5744303641029055 0.818553453841961
-232248.88958176845 251767.24163207732 0.0 0.0 0.0 0.5744303641029055 0.818553453841961
-232248.88958176845 251767.24163207732 0.0 0.0 0.0 0.5744303641029055 0.818553453841961
-232248.88958176845 251767.24163207732 0.0 0.0 0.0 0.5744303641029055 0.818553453841961
-232248.88958176845 251767.24163207732 0.0 0.0 0.0 0.5744303641029055 0.818553453841961
-232248.88958176845 251767.24163207732 0.0 0.0 0.0 0.5744303641029055 0.818553453841961
-232248.88958176845 251767.24163207732 0.0 0.0 0.0 0.5744303641029055 0.818553453841961
-232248.88958176845 251767.24163207732 0.0 0.0 0.0 0.5744303641029055 0.818553453841961
-232248.88958176845 251767.24163207732 0.0 0.0 0.0 0.5744303641029055 0.818553453841961
-232248.88958176845 251767.24163207732 0.0 0.0 0.0 0.5744303641029055 0.818553453841961
-232248.88958176845 251767.24163207732 0.0 0.0 0.0 0.5744303641029055 0.818553453841961
-232248.88958176845 251767.24163207732 0.0 0.0 0.0 0.5744303641029055 0.818553453841961
-232248.88958176845 251767.24163207732 0.0 0.0 0.0 0.5744303641029055 0.818553453841961
-232248.88958176845 251767.24163207732 0.0 0.0 0.0 0.5744303641029055 0.818553453841961
-232248.88958176845 251767.24163207732 0.0 0.0 0.0 0.5744303641029055 0.818553453841961
-232248.88958176845 251767.24163207732 0.0 0.0 0.0 0.5744303641029055 0.818553453841961
-232248.88958176845 251767.24163207732 0.0 0.0 0.0 0.5744303641029055 0.818553453841961
-232248.88958176845 251767.24163207732 0.0 0.0 0.0 0.5744303641029055 0.818553453841961
-232248.88958176845 251767.24163207732 0.0 0.0 0.0 0.5744303641029055 0.818553453841961
-232248.88958176845 251767.24163207732 0.0 0.0 0.0 0.5744303641029055 0.818553453841961
-232248.88958176845 251767.24163207732 0.0 0.0 0.0 0.5744303641029055 0.818553453841961
-232248.88958176845 251767.24163207732 0.0 0.0 0.0 0.5744303641029055 0.818553453841961
-232248.88958176845 251767.24163207732 0.0 0.0 0.0 0.5744303641029055 0.818553453841961
-232248.88958176845 251767.24163207732 0.0 0.0 0.0 0.5744303641029055 0.818553453841961
-232248.88958176845 251767.24163207732 0.0 0.0 0.0 0.5744303641029055 0.818553453841961
-232248.88958176845 251767.24163207732 0.0 0.0 0.0 0.5744303641029055 0.818553453841961
-232248.88958176845 251767.24163207732 0.0 0.0 0.0 0.5744303641029055 0.818553453841961
-232248.88958176845 251767.24163207732 0.0 0.0 0.0 0.5744303641029055 0.818553453841961
-232248.88958176845 251767.24163207732 0.0 0.0 0.0 0.5744303641029055 0.818553453841961
-232248.88958176845 251767.24163207732 0.0 0.0 0.0 0.5744303641029055 0.818553453841961
-232248.88958176845 251767.24163207732 0.0 0.0 0.0 0.5744303641029055 0.818553453841961
-232248.88958176845 251767.24163207732 0.0 0.0 0.0 0.5744303641029055 0.818553453841961
-232248.88958176845 251767.24163207732 0.0 0.0 0.0 0.5744303641029055 0.818553453841961
-232248.88958176845 251767.24163207732 0.0 0.0 0.0 0.5744303641029055 0.818553453841961
-232248.88958176845 251767.24163207732 0.0 0.0 0.0 0.5744303641029055 0.818553453841961
-232248.88958176845 251767.24163207732 0.0 0.0 0.0 0.5744303641029055 0.818553453841961
-232248.88958176845 251767.24163207732 0.0 0.0 0.0 0.5744303641029055 0.818553453841961
-232248.88958176845 251767.24163207732 0.0 0.0 0.0 0.5744303641029055 0.818553453841961
-232248.88958176845 251767.24163207732 0.0 0.0 0.0 0.5744303641029055 0.818553453841961
-232248.88958176845 251767.24163207732 0.0 0.0 0.0 0.5744303641029055 0.818553453841961
-232248.88958176845 251767.24163207732 0.0 0.0 0.0 0.5744303641029055 0.818553453841961
-232248.88958176845 251767.24163207732 0.0 0.0 0.0 0.5744303641029055 0.818553453841961
-232248.88958176845 251767.24163207732 0.0 0.0 0.0 0.5744303641029055 0.818553453841961
-232248.88958176845 251767.24163207732 0.0 0.0 0.0 0.5744303641029055 0.818553453841961
-232248.88958176845 251767.24163207732 0.0 0.0 0.0 0.5744303641029055 0.818553453841961
-232248.88958176845 251767.24163207732 0.0 0.0 0.0 0.5744303641029055 0.818553453841961
-232248.88958176845 251767.24163207732 0.0 0.0 0.0 0.5744303641029055 0.818553453841961
-232248.88958176845 251767.24163207732 0.0 0.0 0.0 0.5744303641029055 0.818553453841961
-232248.88958176845 251767.24163207732 0.0 0.0 0.0 0.5744303641029055 0.818553453841961
-232248.88958176845 251767.24163207732 0.0 0.0 0.0 0.5744303641029055 0.818553453841961
-232248.88958176845 251767.24163207732 0.0 0.0 0.0 0.5744303641029055 0.818553453841961
-232297.49268238523 251771.41904986597 0.0 0.0 0.0 0.5744303641029055 0.818553453841961
-232299.19239969904 251770.92117636738 0.0 0.0 0.0 0.5744303641029055 0.818553453841961
-232299.14482019815 251770.3083582627 0.0 0.0 0.0 0.5744303641029055 0.818553453841961
-232299.14482019815 251770.3083582627 0.0 0.0 0.0 0.5744303641029055 0.818553453841961
-232300.66174937543 251771.44541832287 0.0 0.0 0.0 0.5744303641029055 0.818553453841961
-232300.98906337484 251770.15134285617 0.0 0.0 0.0 0.5744303641029055 0.818553453841961
-232300.98906337484 251770.15134285617 0.0 0.0 0.0 0.5744303641029055 0.818553453841961
-232301.8252131137 251770.51545672858 0.0 0.0 0.0 0.5744303641029055 0.818553453841961
-232302.65949061283 251770.296047355 0.0 0.0 0.0 0.5744303641029055 0.818553453841961
-232303.9880514824 251770.1253555775 0.0 0.0 0.0 0.5744303641029055 0.818553453841961
-232303.9880514824 251770.1253555775 0.0 0.0 0.0 0.5744303641029055 0.818553453841961
-232304.304557369 251770.06532650947 0.0 0.0 0.0 0.5744303641029055 0.818553453841961
-232305.01182504333 251769.80263926642 0.0 0.0 0.0 0.5744303641029055 0.818553453841961
-232307.32011925543 251769.40092342574 0.0 0.0 0.0 0.5744303641029055 0.818553453841961
-232307.48467874134 251768.6492300522 0.0 0.0 0.0 0.5744303641029055 0.818553453841961
-232307.48467874134 251768.6492300522 0.0 0.0 0.0 0.5744303641029055 0.818553453841961
-232308.9591542113 251770.19981164712 0.0 0.0 0.0 0.5744303641029055 0.818553453841961
-232310.32466084164 251770.44511637458 0.0 0.0 0.0 0.5744303641029055 0.818553453841961
-232310.32466084164 251770.44511637458 0.0 0.0 0.0 0.5744303641029055 0.818553453841961
-232311.41167769782 251770.78641959507 0.0 0.0 0.0 0.5744303641029055 0.818553453841961
-232311.9662444285 251770.7822682666 0.0 0.0 0.0 0.5744303641029055 0.818553453841961
-232314.86621621138 251771.60188009584 0.0 0.0 0.0 0.5744303641029055 0.818553453841961
-232314.86621621138 251771.60188009584 0.0 0.0 0.0 0.5744303641029055 0.818553453841961
-232315.09527269538 251769.8227813099 0.0 0.0 0.0 0.5744303641029055 0.818553453841961
-232316.8190633209 251771.6046250504 0.0 0.0 0.0 0.5744303641029055 0.818553453841961
-232318.28134973414 251770.90238506574 0.0 0.0 0.0 0.5744303641029055 0.818553453841961
-232318.28134973414 251770.90238506574 0.0 0.0 0.0 0.5744303641029055 0.818553453841961
-232319.20827779346 251771.3400564617 0.0 0.0 0.0 0.5744303641029055 0.818553453841961
-232319.20827779346 251771.3400564617 0.0 0.0 0.0 0.5744303641029055 0.818553453841961
-232321.2378062315 251772.68806038186 0.0 0.0 0.0 0.5744303641029055 0.818553453841961
-232321.2378062315 251772.68806038186 0.0 0.0 0.0 0.5744303641029055 0.818553453841961
-232322.8958007625 251773.11970693892 0.0 0.0 0.0 0.5744303641029055 0.818553453841961
-232324.62091915097 251773.15742172947 0.0 0.0 0.0 0.5744303641029055 0.818553453841961
-232325.11114924008 251773.3140561282 0.0 0.0 0.0 0.5744303641029055 0.818553453841961
-232325.11114924008 251773.3140561282 0.0 0.0 0.0 0.5744303641029055 0.818553453841961
-232327.67678111125 251773.77682789875 0.0 0.0 0.0 0.5744303641029055 0.818553453841961
-232327.67678111125 251773.77682789875 0.0 -0.0 0.0 0.14451940510161312 -0.9895019664200146
-232328.84825523428 251773.29225397157 0.0 -0.0 0.0 0.14451940510161312 -0.9895019664200146
-232328.84825523428 251773.29225397157 0.0 0.0 0.0 0.4288972942065893 0.903353259263654
-232329.4089349214 251773.96448193167 0.0 0.0 0.0 0.4288972942065893 0.903353259263654
-232329.4089349214 251773.96448193167 0.0 -0.0 0.0 0.4915726529744513 -0.8708365672430503
-232331.19900410954 251773.08472869432 0.0 -0.0 0.0 0.4915726529744513 -0.8708365672430503
-232331.19900410954 251773.08472869432 0.0 -0.0 0.0 0.4915726529744513 -0.8708365672430503
-232332.5407501454 251773.55051932696 0.0 -0.0 0.0 0.4915726529744513 -0.8708365672430503
-232333.60966701753 251773.31109089477 0.0 -0.0 0.0 0.4915726529744513 -0.8708365672430503
-232334.58967738895 251773.53927890284 0.0 -0.0 0.0 0.4915726529744513 -0.8708365672430503
-232335.48841321206 251773.14651431123 0.0 -0.0 0.0 0.4915726529744513 -0.8708365672430503
-232337.28896857862 251773.691873838 0.0 -0.0 0.0 0.4915726529744513 -0.8708365672430503
-232337.28896857862 251773.691873838 0.0 -0.0 0.0 0.4915726529744513 -0.8708365672430503
-232337.28896857862 251773.691873838 0.0 -0.0 0.0 0.4915726529744513 -0.8708365672430503
-232337.86310348922 251774.6026752375 0.0 -0.0 0.0 0.4915726529744513 -0.8708365672430503
-232337.86310348922 251774.6026752375 0.0 -0.0 0.0 0.4915726529744513 -0.8708365672430503
-232340.04010985576 251774.02943256477 0.0 -0.0 0.0 0.4915726529744513 -0.8708365672430503
-232340.42126214848 251774.28040601712 0.0 -0.0 0.0 0.4915726529744513 -0.8708365672430503
-232343.05406680913 251776.29074081944 0.0 -0.0 0.0 0.4915726529744513 -0.8708365672430503
-232343.05406680913 251776.29074081944 0.0 -0.0 0.0 0.4915726529744513 -0.8708365672430503
-232343.1878086932 251777.4979878145 0.0 -0.0 0.0 0.4915726529744513 -0.8708365672430503
-232343.1878086932 251777.4979878145 0.0 -0.0 0.0 0.4915726529744513 -0.8708365672430503
-232344.871585402 251778.91944084855 0.0 -0.0 0.0 0.4915726529744513 -0.8708365672430503
-232344.17612061795 251779.83244383408 0.0 -0.0 0.0 0.4915726529744513 -0.8708365672430503
-232344.17612061795 251779.83244383408 0.0 -0.0 0.0 0.4915726529744513 -0.8708365672430503
-232344.0972100562 251781.9062890413 0.0 -0.0 0.0 0.4915726529744513 -0.8708365672430503
-232344.0972100562 251781.9062890413 0.0 -0.0 0.0 0.4915726529744513 -0.8708365672430503
-232344.47584845842 251783.9623974336 0.0 -0.0 0.0 0.4915726529744513 -0.8708365672430503
-232344.47584845842 251783.9623974336 0.0 -0.0 0.0 0.4915726529744513 -0.8708365672430503
-232344.04785616347 251784.6635753273 0.0 -0.0 0.0 0.4915726529744513 -0.8708365672430503
-232345.1034569571 251786.23034140634 0.0 -0.0 0.0 0.4915726529744513 -0.8708365672430503
-232345.26015326643 251787.768021568 0.0 -0.0 0.0 0.4915726529744513 -0.8708365672430503
-232345.34161990165 251788.5350804462 0.0 -0.0 0.0 0.4915726529744513 -0.8708365672430503
-232345.34161990165 251788.5350804462 0.0 -0.0 0.0 0.4915726529744513 -0.8708365672430503
-232343.72404638416 251790.43103119664 0.0 -0.0 0.0 0.4915726529744513 -0.8708365672430503
-232343.35314697865 251791.0914762493 0.0 -0.0 0.0 0.4915726529744513 -0.8708365672430503
-232343.56557764072 251792.8195675926 0.0 -0.0 0.0 0.4915726529744513 -0.8708365672430503
-232343.56557764072 251792.8195675926 0.0 -0.0 0.0 0.4915726529744513 -0.8708365672430503
-232345.7438481048 251793.75878541244 0.0 -0.0 0.0 0.4915726529744513 -0.8708365672430503
-232345.16685453424 251794.6830707428 0.0 -0.0 0.0 0.4915726529744513 -0.8708365672430503
-232344.49045537313 251795.4354086274 0.0 -0.0 0.0 0.4915726529744513 -0.8708365672430503
-232344.49045537313 251795.4354086274 0.0 -0.0 0.0 0.4915726529744513 -0.8708365672430503
-232344.39257220813 251796.32060586454 0.0 -0.0 0.0 0.4915726529744513 -0.8708365672430503
-232344.39257220813 251796.32060586454 0.0 -0.0 0.0 0.4915726529744513 -0.8708365672430503
-232345.1367425531 251797.98283407724 0.0 -0.0 0.0 0.4915726529744513 -0.8708365672430503
-232345.3947092718 251798.226860815 0.0 -0.0 0.0 0.4915726529744513 -0.8708365672430503
-232345.3947092718 251798.226860815 0.0 -0.0 0.0 0.4915726529744513 -0.8708365672430503
-232346.31971304183 251800.34392434105 0.0 -0.0 0.0 0.4915726529744513 -0.8708365672430503
-232346.31971304183 251800.34392434105 0.0 -0.0 0.0 0.4915726529744513 -0.8708365672430503
-232345.0405186258 251802.57387566593 0.0 -0.0 0.0 0.4915726529744513 -0.8708365672430503
-232345.0405186258 251802.57387566593 0.0 0.0 0.0 0.6201391957884814 0.7844917959079085
-232344.91580047706 251804.55431444227 0.0 0.0 0.0 0.6201391957884814 0.7844917959079085
-232344.91580047706 251804.55431444227 0.0 0.0 0.0 0.9381426975606508 0.34624886860988463
-232345.39093890516 251805.39487747123 0.0 0.0 0.0 0.9381426975606508 0.34624886860988463
-232345.39093890516 251805.39487747123 0.0 -0.0 0.0 0.9999925408897304 -0.0038624040312686472
-232345.8256177237 251807.42121720404 0.0 -0.0 0.0 0.9999925408897304 -0.0038624040312686472
-232345.8256177237 251807.42121720404 0.0 -0.0 0.0 0.9021746191357791 -0.43137101964227015
-232344.46590097935 251807.77586892855 0.0 -0.0 0.0 0.9021746191357791 -0.43137101964227015
-232344.46590097935 251807.77586892855 0.0 -0.0 0.0 0.9170151799016223 -0.3988523032777863
-232344.74715338208 251809.28212801443 0.0 -0.0 0.0 0.9170151799016223 -0.3988523032777863
-232344.74715338208 251809.28212801443 0.0 -0.0 0.0 0.2933554645988794 -0.9560034369132653
-232345.16838452473 251809.85414475683 0.0 -0.0 0.0 0.2933554645988794 -0.9560034369132653
-232345.16838452473 251809.85414475683 0.0 -0.0 0.0 0.2933554645988794 -0.9560034369132653
-232346.04744889398 251811.39615319404 0.0 -0.0 0.0 0.2933554645988794 -0.9560034369132653
-232345.86162941504 251812.81020272817 0.0 -0.0 0.0 0.2933554645988794 -0.9560034369132653
-232345.86162941504 251812.81020272817 0.0 -0.0 0.0 0.2933554645988794 -0.9560034369132653
-232343.40060040148 251814.6906703889 0.0 -0.0 0.0 0.2933554645988794 -0.9560034369132653
-232346.1715795884 251816.6485464565 0.0 -0.0 0.0 0.2933554645988794 -0.9560034369132653
-232346.1715795884 251816.6485464565 0.0 -0.0 0.0 0.2933554645988794 -0.9560034369132653
-232345.81920465277 251817.2786965367 0.0 -0.0 0.0 0.2933554645988794 -0.9560034369132653
-232345.81920465277 251817.2786965367 0.0 0.0 0.0 0.8892132489218947 0.4574929485158963
-232347.55025617738 251818.964006523 0.0 0.0 0.0 0.8892132489218947 0.4574929485158963
-232347.55025617738 251818.964006523 0.0 -0.0 0.0 0.9904284503315998 -0.13802711608139076
-232346.16898075593 251817.5342694498 0.0 -0.0 0.0 0.9904284503315998 -0.13802711608139076
-232346.16898075593 251817.5342694498 0.0 -0.0 0.0 0.920956712931435 -0.38966489822221156
-232345.92924018353 251820.55126016564 0.0 -0.0 0.0 0.920956712931435 -0.38966489822221156
-232345.92924018353 251820.55126016564 0.0 -0.0 0.0 0.9215015844774536 -0.3883745998460025
-232346.35471037484 251819.4418788528 0.0 -0.0 0.0 0.9215015844774536 -0.3883745998460025
-232346.35471037484 251819.4418788528 0.0 -0.0 0.0 0.9218719438009629 -0.38749466994093495
-232345.2220378403 251819.92003843255 0.0 -0.0 0.0 0.9218719438009629 -0.38749466994093495
-232345.2220378403 251819.92003843255 0.0 -0.0 0.0 0.9227982000834057 -0.3852836382755265
-232345.8053048314 251821.36746626504 0.0 -0.0 0.0 0.9227982000834057 -0.3852836382755265
-232345.8053048314 251821.36746626504 0.0 -0.0 0.0 0.9236857206875884 -0.383151000778871
-232345.7900529912 251823.81395813628 0.0 -0.0 0.0 0.9236857206875884 -0.383151000778871
-232345.7900529912 251823.81395813628 0.0 -0.0 0.0 0.926453427639618 -0.37640941329196737
-232344.63022321157 251828.4200217721 0.0 -0.0 0.0 0.926453427639618 -0.37640941329196737
-232344.63022321157 251828.4200217721 0.0 -0.0 0.0 0.9278684742673814 -0.37290762188606685
-232344.1814371132 251829.86082495697 0.0 -0.0 0.0 0.9278684742673814 -0.37290762188606685
-232344.1814371132 251829.86082495697 0.0 -0.0 0.0 0.9296765431225342 -0.36837687925239654
-232343.9971380567 251831.24004550083 0.0 -0.0 0.0 0.9296765431225342 -0.36837687925239654
-232343.9971380567 251831.24004550083 0.0 -0.0 0.0 0.9313951610683279 -0.3640096893470056
-232343.82537387763 251829.3880605465 0.0 -0.0 0.0 0.9313951610683279 -0.3640096893470056
-232343.82537387763 251829.3880605465 0.0 -0.0 0.0 0.9334615358555024 -0.35867751682853866
-232343.76701651938 251830.68560329036 0.0 -0.0 0.0 0.9334615358555024 -0.35867751682853866
-232343.76701651938 251830.68560329036 0.0 -0.0 0.0 0.9356745633376518 -0.3528641544885153
-232340.83195543618 251835.05642501675 0.0 -0.0 0.0 0.9356745633376518 -0.3528641544885153
-232340.83195543618 251835.05642501675 0.0 -0.0 0.0 0.9391053478925566 -0.3436293723761113
-232342.91257061096 251833.62440820178 0.0 -0.0 0.0 0.9391053478925566 -0.3436293723761113
-232341.49680630662 251837.15704325633 0.0 -0.0 0.0 0.9391053478925566 -0.3436293723761113
-232341.49680630662 251837.15704325633 0.0 -0.0 0.0 0.9391053478925566 -0.3436293723761113
-232343.1457835435 251838.1766031729 0.0 -0.0 0.0 0.9391053478925566 -0.3436293723761113
-232341.3867612893 251837.51397370687 0.0 -0.0 0.0 0.9391053478925566 -0.3436293723761113
-232341.3867612893 251837.51397370687 0.0 -0.0 0.0 0.9619080051372156 -0.273373352126615
-232342.28348227698 251838.89624211815 0.0 -0.0 0.0 0.9619080051372156 -0.273373352126615
-232342.28348227698 251838.89624211815 0.0 -0.0 0.0 0.9643119925733191 -0.26476854227659863
-232340.27317765157 251839.83511055316 0.0 -0.0 0.0 0.9643119925733191 -0.26476854227659863
-232340.27317765157 251839.83511055316 0.0 -0.0 0.0 0.9671103407586678 -0.2543572070880902
-232340.89366044983 251840.9327747506 0.0 -0.0 0.0 0.9671103407586678 -0.2543572070880902
-232340.89366044983 251840.9327747506 0.0 -0.0 0.0 0.9708132556759471 -0.2398366581735749
-232342.08187830204 251844.29581525343 0.0 -0.0 0.0 0.9708132556759471 -0.2398366581735749
-232341.37654209998 251847.1253104585 0.0 -0.0 0.0 0.9708132556759471 -0.2398366581735749
-232341.80519185914 251847.9362084463 0.0 -0.0 0.0 0.9708132556759471 -0.2398366581735749
-232341.80519185914 251847.9362084463 0.0 -0.0 0.0 0.9708132556759471 -0.2398366581735749
-232341.2013472747 251849.2577106215 0.0 -0.0 0.0 0.9708132556759471 -0.2398366581735749
-232340.7651295301 251850.7929686371 0.0 -0.0 0.0 0.9708132556759471 -0.2398366581735749
-232340.8637003479 251853.5453521379 0.0 -0.0 0.0 0.9708132556759471 -0.2398366581735749
-232340.8637003479 251853.5453521379 0.0 -0.0 0.0 0.9708132556759471 -0.2398366581735749
-232341.24407518597 251854.40919681478 0.0 -0.0 0.0 0.9708132556759471 -0.2398366581735749
-232341.24407518597 251854.40919681478 0.0 -0.0 0.0 0.9708132556759471 -0.2398366581735749
-232341.88017500658 251855.3307856515 0.0 -0.0 0.0 0.9708132556759471 -0.2398366581735749
-232341.88017500658 251855.3307856515 0.0 -0.0 0.0 0.9708132556759471 -0.2398366581735749
-232340.7688096409 251857.16697274547 0.0 -0.0 0.0 0.9708132556759471 -0.2398366581735749
-232340.7688096409 251857.16697274547 0.0 -0.0 0.0 0.9708132556759471 -0.2398366581735749
-232342.14060620114 251859.1380866368 0.0 -0.0 0.0 0.9708132556759471 -0.2398366581735749
-232341.68785365537 251859.72535548292 0.0 -0.0 0.0 0.9708132556759471 -0.2398366581735749
-232340.82477834704 251862.07906750942 0.0 -0.0 0.0 0.9708132556759471 -0.2398366581735749
-232340.82477834704 251862.07906750942 0.0 -0.0 0.0 0.9708132556759471 -0.2398366581735749
-232345.11144546286 251865.102413988 0.0 -0.0 0.0 0.9708132556759471 -0.2398366581735749
-232345.11144546286 251865.102413988 0.0 -0.0 0.0 0.9708132556759471 -0.2398366581735749
-232344.80059518036 251863.60815255044 0.0 -0.0 0.0 0.9708132556759471 -0.2398366581735749
-232344.80059518036 251863.60815255044 0.0 -0.0 0.0 0.9994981645892258 -0.03167678933807579
-232340.23480496206 251866.57783800745 0.0 -0.0 0.0 0.9994981645892258 -0.03167678933807579
-232340.23480496206 251866.57783800745 0.0 -0.0 0.0 0.9994981645892258 -0.03167678933807579
-232342.3795824077 251868.10443007675 0.0 -0.0 0.0 0.9994981645892258 -0.03167678933807579
-232342.3795824077 251868.10443007675 0.0 -0.0 0.0 0.8758758310046509 -0.48253655681400154
-232341.54919580158 251869.33300715403 0.0 -0.0 0.0 0.8758758310046509 -0.48253655681400154
-232341.54919580158 251869.33300715403 0.0 -0.0 0.0 0.9471405882683539 -0.32081880564374093
-232338.6223130366 251866.81778692847 0.0 -0.0 0.0 0.9471405882683539 -0.32081880564374093
-232338.6223130366 251866.81778692847 0.0 -0.0 0.0 0.9471405882683539 -0.32081880564374093
-232338.58654446693 251868.01004655726 0.0 -0.0 0.0 0.9471405882683539 -0.32081880564374093
-232338.58654446693 251868.01004655726 0.0 0.0 0.0 0.010429025884600672 0.999945616230752
-232337.44943236464 251871.83176546815 0.0 0.0 0.0 0.010429025884600672 0.999945616230752
-232337.44943236464 251871.83176546815 0.0 0.0 0.0 0.010429025884600672 0.999945616230752
-232337.0033366564 251873.87520500543 0.0 0.0 0.0 0.010429025884600672 0.999945616230752
-232337.0033366564 251873.87520500543 0.0 0.0 0.0 0.5921671918043806 0.8058151257891067
-232337.20771615638 251875.50083839684 0.0 0.0 0.0 0.5921671918043806 0.8058151257891067
-232337.20771615638 251875.50083839684 0.0 -0.0 0.0 0.999952534422705 -0.009743146391642107
-232336.31602043743 251875.6491096589 0.0 -0.0 0.0 0.999952534422705 -0.009743146391642107
-232336.31602043743 251875.6491096589 0.0 -0.0 0.0 0.999952534422705 -0.009743146391642107
-232335.85473227702 251876.69724509644 0.0 -0.0 0.0 0.999952534422705 -0.009743146391642107
-232335.85473227702 251876.69724509644 0.0 -0.0 0.0 0.999952534422705 -0.009743146391642107
-232335.84430415698 251877.8643522492 0.0 -0.0 0.0 0.999952534422705 -0.009743146391642107
-232336.0954518095 251879.24412532162 0.0 -0.0 0.0 0.999952534422705 -0.009743146391642107
-232336.0954518095 251879.24412532162 0.0 -0.0 0.0 0.999952534422705 -0.009743146391642107
-232335.13501921835 251880.9732043069 0.0 -0.0 0.0 0.999952534422705 -0.009743146391642107
-232334.87385083272 251880.98839220183 0.0 -0.0 0.0 0.999952534422705 -0.009743146391642107
-232334.71523879087 251882.15817749745 0.0 -0.0 0.0 0.999952534422705 -0.009743146391642107
-232334.71523879087 251882.15817749745 0.0 0.0 0.0 0.8967310446604447 0.4425759070963845
-232335.07159105956 251883.68056658763 0.0 0.0 0.0 0.8967310446604447 0.4425759070963845
-232335.07159105956 251883.68056658763 0.0 0.0 0.0 0.8967310446604447 0.4425759070963845
-232336.53270046803 251885.29207688305 0.0 0.0 0.0 0.8967310446604447 0.4425759070963845
-232336.53270046803 251885.29207688305 0.0 0.0 0.0 0.8967310446604447 0.4425759070963845
-232334.39381856663 251885.34111037027 0.0 0.0 0.0 0.8967310446604447 0.4425759070963845
-232334.39381856663 251885.34111037027 0.0 0.0 0.0 0.8967310446604447 0.4425759070963845
-232335.02375596756 251889.69947112366 0.0 0.0 0.0 0.8967310446604447 0.4425759070963845
-232333.74632593716 251890.2929363918 0.0 0.0 0.0 0.8967310446604447 0.4425759070963845
-232333.74632593716 251890.2929363918 0.0 0.0 0.0 0.8967310446604447 0.4425759070963845
-232333.32695406262 251890.6634470617 0.0 0.0 0.0 0.8967310446604447 0.4425759070963845
-232333.32695406262 251890.6634470617 0.0 0.0 0.0 0.8967310446604447 0.4425759070963845
-232333.9432380015 251891.6532146662 0.0 0.0 0.0 0.8967310446604447 0.4425759070963845
-232333.9432380015 251891.6532146662 0.0 0.0 0.0 0.8967310446604447 0.4425759070963845
-232331.4487011255 251891.97557997718 0.0 0.0 0.0 0.8967310446604447 0.4425759070963845
-232331.52732937847 251895.84437418278 0.0 0.0 0.0 0.8967310446604447 0.4425759070963845
-232331.44692842755 251895.69059642512 0.0 0.0 0.0 0.8967310446604447 0.4425759070963845
-232331.44692842755 251895.69059642512 0.0 0.0 0.0 0.8967310446604447 0.4425759070963845
-232330.2784865406 251896.45436963407 0.0 0.0 0.0 0.8967310446604447 0.4425759070963845
-232330.2784865406 251896.45436963407 0.0 0.0 0.0 0.8967310446604447 0.4425759070963845
-232329.80999716412 251898.25449485998 0.0 0.0 0.0 0.8967310446604447 0.4425759070963845
-232329.80999716412 251898.25449485998 0.0 0.0 0.0 0.8967310446604447 0.4425759070963845
-232329.48536138335 251900.12323368448 0.0 0.0 0.0 0.8967310446604447 0.4425759070963845
-232329.64906640293 251900.50223910637 0.0 0.0 0.0 0.8967310446604447 0.4425759070963845
-232329.64906640293 251900.50223910637 0.0 0.0 0.0 0.8967310446604447 0.4425759070963845
-232328.9764748083 251902.052672784 0.0 0.0 0.0 0.8967310446604447 0.4425759070963845
-232328.5013100523 251903.47500661263 0.0 0.0 0.0 0.8967310446604447 0.4425759070963845
-232328.5013100523 251903.47500661263 0.0 0.0 0.0 0.8967310446604447 0.4425759070963845
-232330.7424416078 251904.7845505021 0.0 0.0 0.0 0.8967310446604447 0.4425759070963845
-232330.7424416078 251904.7845505021 0.0 0.0 0.0 0.8967310446604447 0.4425759070963845
-232328.61429696606 251905.27231018027 0.0 0.0 0.0 0.8967310446604447 0.4425759070963845
-232328.61429696606 251905.27231018027 0.0 0.0 0.0 0.8967310446604447 0.4425759070963845
-232328.1653872446 251907.4445909901 0.0 0.0 0.0 0.8967310446604447 0.4425759070963845
-232328.1653872446 251907.4445909901 0.0 0.0 0.0 0.8967310446604447 0.4425759070963845
-232327.93210819393 251909.02941150186 0.0 0.0 0.0 0.8967310446604447 0.4425759070963845
-232327.93210819393 251909.02941150186 0.0 0.0 0.0 0.8967310446604447 0.4425759070963845
-232326.40021622513 251910.852706819 0.0 0.0 0.0 0.8967310446604447 0.4425759070963845
-232326.19037981512 251911.75265585785 0.0 0.0 0.0 0.8967310446604447 0.4425759070963845
-232326.19037981512 251911.75265585785 0.0 0.0 0.0 0.8967310446604447 0.4425759070963845
-232325.74366532662 251912.86676362963 0.0 0.0 0.0 0.8967310446604447 0.4425759070963845
-232324.87825802894 251914.29221673837 0.0 0.0 0.0 0.8967310446604447 0.4425759070963845
-232322.95181903843 251917.16066899398 0.0 0.0 0.0 0.8967310446604447 0.4425759070963845
-232322.95181903843 251917.16066899398 0.0 0.0 0.0 0.8967310446604447 0.4425759070963845
-232322.6255904516 251918.01775668762 0.0 0.0 0.0 0.8967310446604447 0.4425759070963845
-232322.48723758094 251919.25400826722 0.0 0.0 0.0 0.8967310446604447 0.4425759070963845
-232322.48723758094 251919.25400826722 0.0 0.0 0.0 0.8967310446604447 0.4425759070963845
-232322.78566749272 251920.66847366295 0.0 0.0 0.0 0.8967310446604447 0.4425759070963845
-232322.78566749272 251920.66847366295 0.0 0.0 0.0 0.8967310446604447 0.4425759070963845
-232325.24599687156 251917.36784036332 0.0 0.0 0.0 0.8967310446604447 0.4425759070963845
-232325.24599687156 251917.36784036332 0.0 0.0 0.0 0.3797702154006016 0.9250808524094425
-232321.02403990008 251923.57745781908 0.0 0.0 0.0 0.3797702154006016 0.9250808524094425
-232321.02403990008 251923.57745781908 0.0 0.0 0.0 0.0335162607443164 0.9994381723076816
-232320.72326097492 251923.10286787135 0.0 0.0 0.0 0.0335162607443164 0.9994381723076816
-232320.72326097492 251923.10286787135 0.0 -0.0 0.0 0.9404739319785252 -0.3398658312758909
-232318.66001217047 251925.27618570652 0.0 -0.0 0.0 0.9404739319785252 -0.3398658312758909
-232318.66001217047 251925.27618570652 0.0 0.0 0.0 0.9832227681269454 0.1824088491186405
-232322.90344035116 251920.51474473218 0.0 0.0 0.0 0.9832227681269454 0.1824088491186405
-232322.90344035116 251920.51474473218 0.0 -0.0 0.0 0.8317153379430063 -0.5552023024361037
-232319.3067490532 251927.78324641095 0.0 -0.0 0.0 0.8317153379430063 -0.5552023024361037
-232319.3067490532 251927.78324641095 0.0 -0.0 0.0 0.9263134314934149 -0.3767538010888469
-232318.89761578236 251930.1254426983 0.0 -0.0 0.0 0.9263134314934149 -0.3767538010888469
-232318.89761578236 251930.1254426983 0.0 -0.0 0.0 0.9015884210023426 -0.43259486718464735
-232317.65596478857 251932.18337212765 0.0 -0.0 0.0 0.9015884210023426 -0.43259486718464735
-232317.65596478857 251932.18337212765 0.0 -0.0 0.0 0.7611994143144926 -0.6485178884558803
-232317.0857939047 251933.26572755986 0.0 -0.0 0.0 0.7611994143144926 -0.6485178884558803
-232317.0857939047 251933.26572755986 0.0 -0.0 0.0 0.7611994143144926 -0.6485178884558803
-232317.53191693916 251933.9886058572 0.0 -0.0 0.0 0.7611994143144926 -0.6485178884558803
-232317.53191693916 251933.9886058572 0.0 -0.0 0.0 0.9432649706211996 -0.3320409540990199
-232318.3975844366 251935.73035228555 0.0 -0.0 0.0 0.9432649706211996 -0.3320409540990199
-232318.75503944771 251936.4522168173 0.0 -0.0 0.0 0.9432649706211996 -0.3320409540990199
-232317.87635839198 251937.5200780041 0.0 -0.0 0.0 0.9432649706211996 -0.3320409540990199
-232317.87635839198 251937.5200780041 0.0 -0.0 0.0 0.975981633496136 -0.21785281976190757
-232317.35282937306 251939.16042949833 0.0 -0.0 0.0 0.975981633496136 -0.21785281976190757
-232317.35282937306 251939.16042949833 0.0 -0.0 0.0 0.23243630905379903 -0.9726116194213633
-232314.94687252882 251940.08049677298 0.0 -0.0 0.0 0.23243630905379903 -0.9726116194213633
-232314.94687252882 251940.08049677298 0.0 -0.0 0.0 0.23243630905379903 -0.9726116194213633
-232313.89277996874 251941.8189959287 0.0 -0.0 0.0 0.23243630905379903 -0.9726116194213633
-232313.72562253545 251943.35865759276 0.0 -0.0 0.0 0.23243630905379903 -0.9726116194213633
-232313.72562253545 251943.35865759276 0.0 -0.0 0.0 0.9984778556122791 -0.05515407375620308
-232313.7572582177 251945.06878957804 0.0 -0.0 0.0 0.9984778556122791 -0.05515407375620308
-232313.92819160628 251946.8849289841 0.0 -0.0 0.0 0.9984778556122791 -0.05515407375620308
-232313.3283926038 251947.2400295646 0.0 -0.0 0.0 0.9984778556122791 -0.05515407375620308
-232313.99907846047 251948.2274715784 0.0 -0.0 0.0 0.9984778556122791 -0.05515407375620308
-232313.99907846047 251948.2274715784 0.0 0.0 0.0 0.9589950297521639 0.28342288706215374
-232312.54759019503 251949.1257297492 0.0 0.0 0.0 0.9589950297521639 0.28342288706215374
-232312.31962184043 251949.98884961032 0.0 0.0 0.0 0.9589950297521639 0.28342288706215374
-232312.31962184043 251949.98884961032 0.0 -0.0 0.0 0.6519786466362432 -0.7582373271808588
-232311.83069952475 251951.48158323817 0.0 -0.0 0.0 0.6519786466362432 -0.7582373271808588
-232311.83069952475 251951.48158323817 0.0 -0.0 0.0 0.6519786466362432 -0.7582373271808588
-232311.57777697386 251952.2183990209 0.0 -0.0 0.0 0.6519786466362432 -0.7582373271808588
-232311.57777697386 251952.2183990209 0.0 -0.0 0.0 0.708434693656798 -0.7057763702642635
-232312.23317593333 251950.82870107167 0.0 -0.0 0.0 0.708434693656798 -0.7057763702642635
-232312.23317593333 251950.82870107167 0.0 -0.0 0.0 0.716331780685261 -0.6977598297267356
-232312.24771945964 251950.12289102527 0.0 -0.0 0.0 0.716331780685261 -0.6977598297267356
-232312.24771945964 251950.12289102527 0.0 -0.0 0.0 0.716331780685261 -0.6977598297267356
-232312.23066675413 251950.84655447735 0.0 -0.0 0.0 0.716331780685261 -0.6977598297267356
-232309.9170418408 251956.2551885998 0.0 -0.0 0.0 0.716331780685261 -0.6977598297267356
-232309.9170418408 251956.2551885998 0.0 -0.0 0.0 0.6513074409589036 -0.7588139543732471
-232309.72203498508 251957.0846916467 0.0 -0.0 0.0 0.6513074409589036 -0.7588139543732471
-232309.36595711752 251957.96905289424 0.0 -0.0 0.0 0.6513074409589036 -0.7588139543732471
-232309.36595711752 251957.96905289424 0.0 -0.0 0.0 0.6513074409589036 -0.7588139543732471
-232310.25724676723 251959.69090197815 0.0 -0.0 0.0 0.6513074409589036 -0.7588139543732471
-232307.7129291012 251959.6641286837 0.0 -0.0 0.0 0.6513074409589036 -0.7588139543732471
-232307.7129291012 251959.6641286837 0.0 -0.0 0.0 0.6513074409589036 -0.7588139543732471
-232307.43784566002 251962.60493315032 0.0 -0.0 0.0 0.6513074409589036 -0.7588139543732471
-232307.9290465084 251963.0266062056 0.0 -0.0 0.0 0.6513074409589036 -0.7588139543732471
-232307.9290465084 251963.0266062056 0.0 -0.0 0.0 0.6513074409589036 -0.7588139543732471
-232307.88907518028 251961.22072754588 0.0 -0.0 0.0 0.6513074409589036 -0.7588139543732471
-232307.20425896125 251962.1685487346 0.0 -0.0 0.0 0.6513074409589036 -0.7588139543732471
-232306.70402924216 251966.86468067692 0.0 -0.0 0.0 0.6513074409589036 -0.7588139543732471
-232306.70402924216 251966.86468067692 0.0 -0.0 0.0 0.6513074409589036 -0.7588139543732471
-232305.6359066062 251969.2592223759 0.0 -0.0 0.0 0.6513074409589036 -0.7588139543732471
-232305.6359066062 251969.2592223759 0.0 -0.0 0.0 0.6513074409589036 -0.7588139543732471
-232306.67552605516 251970.76738045618 0.0 -0.0 0.0 0.6513074409589036 -0.7588139543732471
-232306.05366170523 251972.08257224245 0.0 -0.0 0.0 0.6513074409589036 -0.7588139543732471
-232306.05366170523 251972.08257224245 0.0 -0.0 0.0 0.6513074409589036 -0.7588139543732471
-232305.60300830763 251973.05308191452 0.0 -0.0 0.0 0.6513074409589036 -0.7588139543732471
-232305.60300830763 251973.05308191452 0.0 -0.0 0.0 0.6513074409589036 -0.7588139543732471
-232304.92370288982 251974.0376416107 0.0 -0.0 0.0 0.6513074409589036 -0.7588139543732471
-232304.92370288982 251974.0376416107 0.0 -0.0 0.0 0.6513074409589036 -0.7588139543732471
-232304.04800049338 251974.96242609873 0.0 -0.0 0.0 0.6513074409589036 -0.7588139543732471
-232304.04800049338 251974.96242609873 0.0 -0.0 0.0 0.6513074409589036 -0.7588139543732471
-232305.08551594306 251975.8484031886 0.0 -0.0 0.0 0.6513074409589036 -0.7588139543732471
-232305.08551594306 251975.8484031886 0.0 -0.0 0.0 0.6513074409589036 -0.7588139543732471
-232305.00095050293 251977.01204013798 0.0 -0.0 0.0 0.6513074409589036 -0.7588139543732471
-232305.00095050293 251977.01204013798 0.0 -0.0 0.0 0.6513074409589036 -0.7588139543732471
-232305.30317898653 251977.99919403877 0.0 -0.0 0.0 0.6513074409589036 -0.7588139543732471
-232303.9516142212 251979.17415443642 0.0 -0.0 0.0 0.6513074409589036 -0.7588139543732471
-232303.9516142212 251979.17415443642 0.0 -0.0 0.0 0.6513074409589036 -0.7588139543732471
-232303.56212736643 251977.42425386907 0.0 -0.0 0.0 0.6513074409589036 -0.7588139543732471
-232303.56212736643 251977.42425386907 0.0 -0.0 0.0 0.6513074409589036 -0.7588139543732471
-232302.93752968544 251978.89972818663 0.0 -0.0 0.0 0.6513074409589036 -0.7588139543732471
-232302.93752968544 251978.89972818663 0.0 -0.0 0.0 0.6513074409589036 -0.7588139543732471
-232303.0624574531 251981.67931862196 0.0 -0.0 0.0 0.6513074409589036 -0.7588139543732471
-232303.0624574531 251981.67931862196 0.0 -0.0 0.0 0.6513074409589036 -0.7588139543732471
-232301.30109427485 251984.759254412 0.0 -0.0 0.0 0.6513074409589036 -0.7588139543732471
-232301.30109427485 251984.759254412 0.0 -0.0 0.0 0.6513074409589036 -0.7588139543732471
-232301.32564475766 251986.24928994823 0.0 -0.0 0.0 0.6513074409589036 -0.7588139543732471
-232301.32564475766 251986.24928994823 0.0 -0.0 0.0 0.6513074409589036 -0.7588139543732471
-232302.15013800422 251987.43446465602 0.0 -0.0 0.0 0.6513074409589036 -0.7588139543732471
-232302.15013800422 251987.43446465602 0.0 -0.0 0.0 0.6513074409589036 -0.7588139543732471
-232301.75174993707 251988.96537264177 0.0 -0.0 0.0 0.6513074409589036 -0.7588139543732471
-232301.75174993707 251988.96537264177 0.0 -0.0 0.0 0.6513074409589036 -0.7588139543732471
-232301.67413209472 251990.40989891972 0.0 -0.0 0.0 0.6513074409589036 -0.7588139543732471
-232301.67413209472 251990.40989891972 0.0 -0.0 0.0 0.6513074409589036 -0.7588139543732471
-232300.60934894893 251992.2785474469 0.0 -0.0 0.0 0.6513074409589036 -0.7588139543732471
-232300.23261397902 251990.8257528783 0.0 -0.0 0.0 0.6513074409589036 -0.7588139543732471
-232300.5946934959 251994.82243311472 0.0 -0.0 0.0 0.6513074409589036 -0.7588139543732471
-232300.5946934959 251994.82243311472 0.0 -0.0 0.0 0.6513074409589036 -0.7588139543732471
-232299.0612419839 251997.6053462091 0.0 -0.0 0.0 0.6513074409589036 -0.7588139543732471
-232299.0612419839 251997.6053462091 0.0 -0.0 0.0 0.6513074409589036 -0.7588139543732471
-232299.4784311896 251999.70094846163 0.0 -0.0 0.0 0.6513074409589036 -0.7588139543732471
-232299.4784311896 251999.70094846163 0.0 -0.0 0.0 0.6513074409589036 -0.7588139543732471
-232299.95186306338 252001.0480375115 0.0 -0.0 0.0 0.6513074409589036 -0.7588139543732471
-232299.95186306338 252001.0480375115 0.0 -0.0 0.0 0.6513074409589036 -0.7588139543732471
-232298.14088075992 252002.41139460562 0.0 -0.0 0.0 0.6513074409589036 -0.7588139543732471
-232298.14088075992 252002.41139460562 0.0 -0.0 0.0 0.6513074409589036 -0.7588139543732471
-232298.46090604964 252003.76067811085 0.0 -0.0 0.0 0.6513074409589036 -0.7588139543732471
-232298.46090604964 252003.76067811085 0.0 -0.0 0.0 0.6513074409589036 -0.7588139543732471
-232298.5232194424 252004.34034466205 0.0 -0.0 0.0 0.6513074409589036 -0.7588139543732471
-232298.5232194424 252004.34034466205 0.0 -0.0 0.0 0.6513074409589036 -0.7588139543732471
-232297.84220675298 252005.4735583558 0.0 -0.0 0.0 0.6513074409589036 -0.7588139543732471
-232297.84220675298 252005.4735583558 0.0 -0.0 0.0 0.6513074409589036 -0.7588139543732471
-232297.31055808486 252006.83880690878 0.0 -0.0 0.0 0.6513074409589036 -0.7588139543732471
-232298.38048807246 252008.0872328493 0.0 -0.0 0.0 0.6513074409589036 -0.7588139543732471
-232297.7325883282 252009.38206737136 0.0 -0.0 0.0 0.6513074409589036 -0.7588139543732471
-232297.7591936427 252010.48229639485 0.0 -0.0 0.0 0.6513074409589036 -0.7588139543732471
-232296.4048618289 252011.53051382463 0.0 -0.0 0.0 0.6513074409589036 -0.7588139543732471
-232296.4048618289 252011.53051382463 0.0 -0.0 0.0 0.6513074409589036 -0.7588139543732471
-232297.073549508 252013.56004264133 0.0 -0.0 0.0 0.6513074409589036 -0.7588139543732471
-232296.7640422883 252014.70896039924 0.0 -0.0 0.0 0.6513074409589036 -0.7588139543732471
-232296.7640422883 252014.70896039924 0.0 -0.0 0.0 0.6513074409589036 -0.7588139543732471
-232296.088416357 252015.9127536977 0.0 -0.0 0.0 0.6513074409589036 -0.7588139543732471
-232296.088416357 252015.9127536977 0.0 -0.0 0.0 0.6513074409589036 -0.7588139543732471
-232296.00675155735 252016.73949522126 0.0 -0.0 0.0 0.6513074409589036 -0.7588139543732471
-232295.85034035827 252018.74562328096 0.0 -0.0 0.0 0.6513074409589036 -0.7588139543732471
-232295.8553272098 252019.77121915456 0.0 -0.0 0.0 0.6513074409589036 -0.7588139543732471
-232295.8553272098 252019.77121915456 0.0 -0.0 0.0 0.6513074409589036 -0.7588139543732471
-232295.05203639413 252020.7928307701 0.0 -0.0 0.0 0.6513074409589036 -0.7588139543732471
-232293.92122326524 252022.6041847516 0.0 -0.0 0.0 0.6513074409589036 -0.7588139543732471
-232292.52599344205 252023.75544426797 0.0 -0.0 0.0 0.6513074409589036 -0.7588139543732471
-232292.52599344205 252023.75544426797 0.0 -0.0 0.0 0.6513074409589036 -0.7588139543732471
-232293.10612838063 252024.7292545058 0.0 -0.0 0.0 0.6513074409589036 -0.7588139543732471
-232293.10612838063 252024.7292545058 0.0 -0.0 0.0 0.6513074409589036 -0.7588139543732471
-232295.09159685782 252025.5334977016 0.0 -0.0 0.0 0.6513074409589036 -0.7588139543732471
-232295.09159685782 252025.5334977016 0.0 -0.0 0.0 0.48658393903558417 -0.8736338307738631
-232293.58231761455 252028.53505153753 0.0 -0.0 0.0 0.48658393903558417 -0.8736338307738631
-232293.58231761455 252028.53505153753 0.0 -0.0 0.0 0.46502360909745244 -0.8852982791025744
-232293.2822379423 252030.10120882682 0.0 -0.0 0.0 0.46502360909745244 -0.8852982791025744
-232293.2822379423 252030.10120882682 0.0 -0.0 0.0 0.436451639827757 -0.8997277177522441
-232293.28567789812 252030.62823186378 0.0 -0.0 0.0 0.436451639827757 -0.8997277177522441
-232293.28567789812 252030.62823186378 0.0 -0.0 0.0 0.23275458301023982 -0.9725355027389639
-232292.6281988011 252031.77900917252 0.0 -0.0 0.0 0.23275458301023982 -0.9725355027389639
-232292.6281988011 252031.77900917252 0.0 -0.0 0.0 0.18755361037684123 -0.9822543678877748
-232291.61818878935 252033.34722665453 0.0 -0.0 0.0 0.18755361037684123 -0.9822543678877748
-232292.99271559506 252034.72769957304 0.0 -0.0 0.0 0.18755361037684123 -0.9822543678877748
-232292.63643064193 252035.10754307348 0.0 -0.0 0.0 0.18755361037684123 -0.9822543678877748
-232292.63643064193 252035.10754307348 0.0 -0.0 0.0 0.18755361037684123 -0.9822543678877748
-232292.43156141986 252036.8581357546 0.0 -0.0 0.0 0.18755361037684123 -0.9822543678877748
-232292.43156141986 252036.8581357546 0.0 -0.0 0.0 0.18755361037684123 -0.9822543678877748
-232293.77111181035 252037.4085776558 0.0 -0.0 0.0 0.18755361037684123 -0.9822543678877748
-232290.84970858588 252038.8197870719 0.0 -0.0 0.0 0.18755361037684123 -0.9822543678877748
-232290.84970858588 252038.8197870719 0.0 -0.0 0.0 0.18755361037684123 -0.9822543678877748
-232291.51520726108 252040.26261936722 0.0 -0.0 0.0 0.18755361037684123 -0.9822543678877748
-232291.51520726108 252040.26261936722 0.0 -0.0 0.0 0.18755361037684123 -0.9822543678877748
-232292.2991075233 252041.20556076418 0.0 -0.0 0.0 0.18755361037684123 -0.9822543678877748
-232292.2991075233 252041.20556076418 0.0 -0.0 0.0 0.18755361037684123 -0.9822543678877748
-232292.07977281162 252042.23032145516 0.0 -0.0 0.0 0.18755361037684123 -0.9822543678877748
-232292.07977281162 252042.23032145516 0.0 -0.0 0.0 0.18755361037684123 -0.9822543678877748
-232290.17517491244 252043.09396210022 0.0 -0.0 0.0 0.18755361037684123 -0.9822543678877748
-232290.17517491244 252043.09396210022 0.0 0.0 0.0 0.9874488393073981 0.15793919637149045
-232290.16375236888 252045.14474760997 0.0 0.0 0.0 0.9874488393073981 0.15793919637149045
-232290.16375236888 252045.14474760997 0.0 -0.0 0.0 0.6898583867767453 -0.7239443391544591
-232293.11847123838 252047.1613906967 0.0 -0.0 0.0 0.6898583867767453 -0.7239443391544591
-232292.3939886086 252048.78300296195 0.0 -0.0 0.0 0.6898583867767453 -0.7239443391544591
-232292.3939886086 252048.78300296195 0.0 -0.0 0.0 0.6898583867767453 -0.7239443391544591
-232286.82355185968 252054.29687665176 0.0 -0.0 0.0 0.6898583867767453 -0.7239443391544591
-232286.82355185968 252054.29687665176 0.0 -0.0 0.0 0.6898583867767453 -0.7239443391544591
-232289.0173131155 252049.5521385554 0.0 -0.0 0.0 0.6898583867767453 -0.7239443391544591
-232290.28497920322 252051.36229274893 0.0 -0.0 0.0 0.6898583867767453 -0.7239443391544591
-232290.28497920322 252051.36229274893 0.0 -0.0 0.0 0.6898583867767453 -0.7239443391544591
-232292.87273994272 252052.54199796036 0.0 -0.0 0.0 0.6898583867767453 -0.7239443391544591
-232289.9971265079 252054.6127762511 0.0 -0.0 0.0 0.6898583867767453 -0.7239443391544591
-232291.276525276 252057.43572829018 0.0 -0.0 0.0 0.6898583867767453 -0.7239443391544591
-232291.61579117234 252059.21486077603 0.0 -0.0 0.0 0.6898583867767453 -0.7239443391544591
-232289.90850547157 252059.60345276172 0.0 -0.0 0.0 0.6898583867767453 -0.7239443391544591
-232289.90850547157 252059.60345276172 0.0 -0.0 0.0 0.8068577352420737 -0.5907457956515912
-232287.4266078352 252060.52049160597 0.0 -0.0 0.0 0.8068577352420737 -0.5907457956515912
-232287.4266078352 252060.52049160597 0.0 -0.0 0.0 0.8068577352420737 -0.5907457956515912
-232287.4266078352 252060.52049160597 0.0 -0.0 0.0 0.8068577352420737 -0.5907457956515912
-232287.4266078352 252060.52049160597 0.0 -0.0 0.0 0.8068577352420737 -0.5907457956515912
-232285.63691985354 252062.68528670713 0.0 -0.0 0.0 0.8068577352420737 -0.5907457956515912
-232285.63691985354 252062.68528670713 0.0 -0.0 0.0 0.10463260878366579 -0.9945109437201405
-232284.18378098894 252061.92414497808 0.0 -0.0 0.0 0.10463260878366579 -0.9945109437201405
-232284.18378098894 252061.92414497808 0.0 -0.0 0.0 0.10463260878366579 -0.9945109437201405
-232282.99367246547 252062.47569368538 0.0 -0.0 0.0 0.10463260878366579 -0.9945109437201405
-232281.52924504215 252062.52431483511 0.0 -0.0 0.0 0.10463260878366579 -0.9945109437201405
-232281.52924504215 252062.52431483511 0.0 0.0 0.0 0.23510309589792266 0.9719704390048147
-232278.66085302306 252062.2084709574 0.0 0.0 0.0 0.23510309589792266 0.9719704390048147
-232277.23579457664 252058.20205603872 0.0 0.0 0.0 0.23510309589792266 0.9719704390048147
-232277.23579457664 252058.20205603872 0.0 0.0 0.0 0.23510309589792266 0.9719704390048147
-232277.23579457664 252058.20205603872 0.0 0.0 0.0 0.23510309589792266 0.9719704390048147
-232277.23579457664 252058.20205603872 0.0 0.0 0.0 0.23510309589792266 0.9719704390048147
-232277.23579457664 252058.20205603872 0.0 0.0 0.0 0.23510309589792266 0.9719704390048147
-232277.23579457664 252058.20205603872 0.0 0.0 0.0 0.23510309589792266 0.9719704390048147
-232277.23579457664 252058.20205603872 0.0 0.0 0.0 0.23510309589792266 0.9719704390048147
-232277.23579457664 252058.20205603872 0.0 0.0 0.0 0.23510309589792266 0.9719704390048147
-232277.23579457664 252058.20205603872 0.0 0.0 0.0 0.23510309589792266 0.9719704390048147
-232277.23579457664 252058.20205603872 0.0 0.0 0.0 0.23510309589792266 0.9719704390048147
-232266.53531561012 252058.4101607898 0.0 0.0 0.0 0.23510309589792266 0.9719704390048147
-232265.25600515568 252057.2805158762 0.0 0.0 0.0 0.23510309589792266 0.9719704390048147
-232265.25600515568 252057.2805158762 0.0 0.0 0.0 0.23510309589792266 0.9719704390048147
-232262.79422903736 252058.03636938572 0.0 0.0 0.0 0.23510309589792266 0.9719704390048147
-232261.58942506497 252059.15462244494 0.0 0.0 0.0 0.23510309589792266 0.9719704390048147
-232259.7096545034 252058.19938178646 0.0 0.0 0.0 0.23510309589792266 0.9719704390048147
-232258.88869932416 252059.19823230902 0.0 0.0 0.0 0.23510309589792266 0.9719704390048147
-232257.55842374725 252059.39995986182 0.0 0.0 0.0 0.23510309589792266 0.9719704390048147
-232257.55842374725 252059.39995986182 0.0 0.0 0.0 0.23510309589792266 0.9719704390048147
-232256.89110738883 252060.28029387823 0.0 0.0 0.0 0.23510309589792266 0.9719704390048147
-232255.38071684097 252058.9447558709 0.0 0.0 0.0 0.23510309589792266 0.9719704390048147
-232255.38071684097 252058.9447558709 0.0 0.0 0.0 0.23510309589792266 0.9719704390048147
-232254.90593414212 252056.68015738163 0.0 0.0 0.0 0.23510309589792266 0.9719704390048147
-232253.0204664634 252058.07074446563 0.0 0.0 0.0 0.23510309589792266 0.9719704390048147
-232253.70263907354 252058.44092235767 0.0 0.0 0.0 0.23510309589792266 0.9719704390048147
-232253.70263907354 252058.44092235767 0.0 0.0 0.0 0.23510309589792266 0.9719704390048147
-232252.14765341935 252058.79345782852 0.0 0.0 0.0 0.23510309589792266 0.9719704390048147
-232250.62011047098 252058.98939522688 0.0 0.0 0.0 0.23510309589792266 0.9719704390048147
-232250.67976103065 252057.73255917855 0.0 0.0 0.0 0.23510309589792266 0.9719704390048147
-232248.32735496515 252057.6972337147 0.0 0.0 0.0 0.23510309589792266 0.9719704390048147
-232247.50406328012 252058.83122445788 0.0 0.0 0.0 0.23510309589792266 0.9719704390048147
-232246.81618915504 252058.10195588606 0.0 0.0 0.0 0.23510309589792266 0.9719704390048147
-232245.5494818422 252059.42487988906 0.0 0.0 0.0 0.23510309589792266 0.9719704390048147
-232243.76068476756 252058.76660846226 0.0 0.0 0.0 0.23510309589792266 0.9719704390048147
-232243.76068476756 252058.76660846226 0.0 0.0 0.0 0.23510309589792266 0.9719704390048147
-232240.92902796093 252058.2279481027 0.0 0.0 0.0 0.23510309589792266 0.9719704390048147
-232238.3944549206 252058.5949546267 0.0 0.0 0.0 0.23510309589792266 0.9719704390048147
-232238.3944549206 252058.5949546267 0.0 0.0 0.0 0.23510309589792266 0.9719704390048147
-232236.67585326097 252056.92290389218 0.0 0.0 0.0 0.23510309589792266 0.9719704390048147
-232236.67585326097 252056.92290389218 0.0 0.0 0.0 0.23510309589792266 0.9719704390048147
-232234.0692573805 252056.81618839694 0.0 0.0 0.0 0.23510309589792266 0.9719704390048147
-232234.0692573805 252056.81618839694 0.0 0.0 0.0 0.23510309589792266 0.9719704390048147
-232233.64871667285 252055.3173143855 0.0 0.0 0.0 0.23510309589792266 0.9719704390048147
-232233.64871667285 252055.3173143855 0.0 0.0 0.0 0.23510309589792266 0.9719704390048147
-232230.57574969035 252055.77353326377 0.0 0.0 0.0 0.23510309589792266 0.9719704390048147
-232226.85486395523 252059.06198863877 0.0 0.0 0.0 0.23510309589792266 0.9719704390048147
-232225.91599473997 252057.69234108465 0.0 0.0 0.0 0.23510309589792266 0.9719704390048147
-232225.18843701814 252057.1795102121 0.0 0.0 0.0 0.23510309589792266 0.9719704390048147
-232223.62930319918 252057.3485002332 0.0 0.0 0.0 0.23510309589792266 0.9719704390048147
-232223.62930319918 252057.3485002332 0.0 0.0 0.0 0.23510309589792266 0.9719704390048147
-232223.08629278268 252058.23377223086 0.0 0.0 0.0 0.23510309589792266 0.9719704390048147
-232219.7786694505 252059.09875974437 0.0 0.0 0.0 0.23510309589792266 0.9719704390048147
-232219.7786694505 252059.09875974437 0.0 0.0 0.0 0.23510309589792266 0.9719704390048147
-232217.6939872541 252056.88091024017 0.0 0.0 0.0 0.23510309589792266 0.9719704390048147
-232217.6939872541 252056.88091024017 0.0 0.0 0.0 0.23510309589792266 0.9719704390048147
-232218.21880191547 252054.7285936466 0.0 0.0 0.0 0.23510309589792266 0.9719704390048147
-232218.21880191547 252054.7285936466 0.0 0.0 0.0 0.23510309589792266 0.9719704390048147
-232218.21880191547 252054.7285936466 0.0 0.0 0.0 0.23510309589792266 0.9719704390048147
-232216.13434411486 252057.20708844258 0.0 0.0 0.0 0.23510309589792266 0.9719704390048147
-232216.13434411486 252057.20708844258 0.0 0.0 0.0 0.23510309589792266 0.9719704390048147
-232214.78628678533 252054.7136883904 0.0 0.0 0.0 0.23510309589792266 0.9719704390048147
-232214.78628678533 252054.7136883904 0.0 0.0 0.0 0.23510309589792266 0.9719704390048147
-232213.3499807394 252056.0120121218 0.0 0.0 0.0 0.23510309589792266 0.9719704390048147
-232212.53189831722 252056.5202861657 0.0 0.0 0.0 0.23510309589792266 0.9719704390048147
-232212.53189831722 252056.5202861657 0.0 0.0 0.0 0.23510309589792266 0.9719704390048147
-232212.59338434285 252055.72176897718 0.0 0.0 0.0 0.23510309589792266 0.9719704390048147
-232211.39355211885 252055.2881293018 0.0 0.0 0.0 0.23510309589792266 0.9719704390048147
-232211.39355211885 252055.2881293018 0.0 0.0 0.0 0.23510309589792266 0.9719704390048147
-232210.21362977364 252055.4230571995 0.0 0.0 0.0 0.23510309589792266 0.9719704390048147
-232209.51005518791 252055.9687872036 0.0 0.0 0.0 0.23510309589792266 0.9719704390048147
-232209.51005518791 252055.9687872036 0.0 0.0 0.0 0.23510309589792266 0.9719704390048147
-232207.54329837853 252054.67469779035 0.0 0.0 0.0 0.23510309589792266 0.9719704390048147
-232206.65004702104 252054.7404353852 0.0 0.0 0.0 0.23510309589792266 0.9719704390048147
-232205.7777688548 252054.63556287583 0.0 0.0 0.0 0.23510309589792266 0.9719704390048147
-232205.7777688548 252054.63556287583 0.0 0.0 0.0 0.23510309589792266 0.9719704390048147
-232205.0973397136 252056.29235709092 0.0 0.0 0.0 0.23510309589792266 0.9719704390048147
-232202.7439842673 252056.92058302468 0.0 0.0 0.0 0.23510309589792266 0.9719704390048147
-232202.7439842673 252056.92058302468 0.0 0.0 0.0 0.20692653714550552 0.9783564832028098
-232200.84694975484 252056.49560626847 0.0 -0.0 0.0 0.5535420004204837 -0.8328212615984832
-232199.95098915277 252055.9743970527 0.0 -0.0 0.0 0.5535420004204837 -0.8328212615984832
-232199.95098915277 252055.9743970527 0.0 -0.0 0.0 0.6167817527485794 -0.7871342131278442
-232197.7670863431 252055.512882517 0.0 -0.0 0.0 0.6167817527485794 -0.7871342131278442
-232197.7670863431 252055.512882517 0.0 -0.0 0.0 0.6167817527485794 -0.7871342131278442
-232198.46983357213 252057.03438058618 0.0 -0.0 0.0 0.6167817527485794 -0.7871342131278442
-232198.46983357213 252057.03438058618 0.0 -0.0 0.0 0.817991623691502 -0.5752301309654598
-232198.46983357213 252057.03438058618 0.0 -0.0 0.0 0.817991623691502 -0.5752301309654598
-232198.46983357213 252057.03438058618 0.0 -0.0 0.0 0.817991623691502 -0.5752301309654598
-232191.44687943952 252053.39310780322 0.0 -0.0 0.0 0.817991623691502 -0.5752301309654598
-232191.44687943952 252053.39310780322 0.0 -0.0 0.0 0.817991623691502 -0.5752301309654598
-232190.14059733192 252053.93436205309 0.0 -0.0 0.0 0.817991623691502 -0.5752301309654598
-232190.14059733192 252053.93436205309 0.0 0.0 0.0 0.25329703700508877 0.9673885522603846
-232191.08201278694 252055.7729330212 0.0 0.0 0.0 0.25329703700508877 0.9673885522603846
-232191.08201278694 252055.7729330212 0.0 0.0 0.0 0.25329703700508877 0.9673885522603846
-232188.21738494793 252055.00960728992 0.0 0.0 0.0 0.25329703700508877 0.9673885522603846
-232188.21738494793 252055.00960728992 0.0 0.0 0.0 0.40677889523741595 0.9135266445974235
-232187.8336479775 252054.32322942233 0.0 0.0 0.0 0.40677889523741595 0.9135266445974235
-232187.8336479775 252054.32322942233 0.0 0.0 0.0 0.5212367967771769 0.8534120937070602
-232186.16826440062 252055.9802081402 0.0 0.0 0.0 0.5212367967771769 0.8534120937070602
-232186.16826440062 252055.9802081402 0.0 -0.0 0.0 0.6799354617113686 -0.7332719603989696
-232185.8120220696 252055.3130280329 0.0 -0.0 0.0 0.6799354617113686 -0.7332719603989696
-232185.8120220696 252055.3130280329 0.0 -0.0 0.0 0.6024107400990115 -0.7981862565926334
-232182.8115309719 252054.83950682764 0.0 -0.0 0.0 0.6024107400990115 -0.7981862565926334
-232182.8115309719 252054.83950682764 0.0 -0.0 0.0 0.5520912488293724 -0.8337836967499568
-232181.19002648754 252055.23630044548 0.0 -0.0 0.0 0.5520912488293724 -0.8337836967499568
-232181.19002648754 252055.23630044548 0.0 0.0 0.0 0.019741881900503664 0.9998051100584686
-232181.40786448435 252055.69188593954 0.0 0.0 0.0 0.019741881900503664 0.9998051100584686
-232181.40786448435 252055.69188593954 0.0 0.0 0.0 0.019741881900503664 0.9998051100584686
-232179.8380375824 252055.89227404047 0.0 0.0 0.0 0.019741881900503664 0.9998051100584686
-232179.8380375824 252055.89227404047 0.0 -0.0 0.0 0.8922081731025222 -0.4516243747286674
-232180.1737760506 252055.66310855717 0.0 -0.0 0.0 0.8922081731025222 -0.4516243747286674
-232180.1737760506 252055.66310855717 0.0 -0.0 0.0 0.8002125062455121 -0.5997165537554189
-232177.5928826412 252054.83217779695 0.0 -0.0 0.0 0.8002125062455121 -0.5997165537554189
-232177.5928826412 252054.83217779695 0.0 -0.0 0.0 0.7185354926971175 -0.6954902916177268
-232175.59115514884 252054.71298101314 0.0 -0.0 0.0 0.7185354926971175 -0.6954902916177268
-232175.59115514884 252054.71298101314 0.0 -0.0 0.0 0.15230882275877322 -0.9883329512415523
-232174.7154257133 252054.7930828324 0.0 -0.0 0.0 0.15230882275877322 -0.9883329512415523
-232174.7154257133 252054.7930828324 0.0 -0.0 0.0 0.09600558234136532 -0.9953807955547943
-232174.30706025785 252055.32853809468 0.0 -0.0 0.0 0.09600558234136532 -0.9953807955547943
-232174.30706025785 252055.32853809468 0.0 -0.0 0.0 0.6864842869922303 -0.7271446374090709
-232170.79287526253 252054.64297843256 0.0 -0.0 0.0 0.6864842869922303 -0.7271446374090709
-232169.44373072425 252055.1376190744 0.0 -0.0 0.0 0.6864842869922303 -0.7271446374090709
-232169.44373072425 252055.1376190744 0.0 -0.0 0.0 0.5263979452590212 -0.8502383214293981
-232168.17237473986 252054.993109375 0.0 -0.0 0.0 0.5263979452590212 -0.8502383214293981
-232168.17237473986 252054.993109375 0.0 0.0 0.0 0.9328746591690354 0.36020115252488577
-232166.6088414845 252055.31713410476 0.0 0.0 0.0 0.9328746591690354 0.36020115252488577
-232166.6088414845 252055.31713410476 0.0 -0.0 0.0 0.23735444505339923 -0.9714231145146758
-232165.71623937387 252055.75775840628 0.0 -0.0 0.0 0.23735444505339923 -0.9714231145146758
-232165.71623937387 252055.75775840628 0.0 0.0 0.0 0.9331268409519273 0.35954735250739434
-232164.57076844762 252055.70977591097 0.0 0.0 0.0 0.9331268409519273 0.35954735250739434
-232164.57076844762 252055.70977591097 0.0 -0.0 0.0 0.4876181599495226 -0.8730570027709771
-232162.27252173054 252053.65695147248 0.0 -0.0 0.0 0.4876181599495226 -0.8730570027709771
-232162.27252173054 252053.65695147248 0.0 -0.0 0.0 0.4876181599495226 -0.8730570027709771
-232161.1778080431 252055.47354655326 0.0 -0.0 0.0 0.4876181599495226 -0.8730570027709771
-232160.3380375797 252053.98641578606 0.0 -0.0 0.0 0.4876181599495226 -0.8730570027709771
-232160.3380375797 252053.98641578606 0.0 -0.0 0.0 0.4876181599495226 -0.8730570027709771
-232160.3380375797 252053.98641578606 0.0 -0.0 0.0 0.4876181599495226 -0.8730570027709771
-232160.3380375797 252053.98641578606 0.0 -0.0 0.0 0.4876181599495226 -0.8730570027709771
-232160.3380375797 252053.98641578606 0.0 -0.0 0.0 0.4876181599495226 -0.8730570027709771
-232160.3380375797 252053.98641578606 0.0 -0.0 0.0 0.4876181599495226 -0.8730570027709771
-232160.3380375797 252053.98641578606 0.0 -0.0 0.0 0.4876181599495226 -0.8730570027709771
-232160.3380375797 252053.98641578606 0.0 -0.0 0.0 0.4876181599495226 -0.8730570027709771
-232160.3380375797 252053.98641578606 0.0 -0.0 0.0 0.4876181599495226 -0.8730570027709771
-232160.3380375797 252053.98641578606 0.0 -0.0 0.0 0.4876181599495226 -0.8730570027709771
-232160.3380375797 252053.98641578606 0.0 -0.0 0.0 0.4876181599495226 -0.8730570027709771
-232160.3380375797 252053.98641578606 0.0 -0.0 0.0 0.4876181599495226 -0.8730570027709771
-232160.3380375797 252053.98641578606 0.0 -0.0 0.0 0.4876181599495226 -0.8730570027709771
-232160.3380375797 252053.98641578606 0.0 -0.0 0.0 0.4876181599495226 -0.8730570027709771
-232154.293656379 252045.9585878447 0.0 -0.0 0.0 0.4876181599495226 -0.8730570027709771
-232153.40680491625 252043.0390027504 0.0 -0.0 0.0 0.4876181599495226 -0.8730570027709771
-232154.8091407471 252041.87160470788 0.0 -0.0 0.0 0.4876181599495226 -0.8730570027709771
-232154.8091407471 252041.87160470788 0.0 -0.0 0.0 0.4876181599495226 -0.8730570027709771
-232155.4547720309 252041.04608706138 0.0 -0.0 0.0 0.4876181599495226 -0.8730570027709771
-232153.73069797558 252039.88454924556 0.0 -0.0 0.0 0.4876181599495226 -0.8730570027709771
-232153.73069797558 252039.88454924556 0.0 -0.0 0.0 0.4876181599495226 -0.8730570027709771
-232152.95817716958 252039.19542003036 0.0 -0.0 0.0 0.4876181599495226 -0.8730570027709771
-232154.34103165186 252037.4326480798 0.0 -0.0 0.0 0.4876181599495226 -0.8730570027709771
-232154.34103165186 252037.4326480798 0.0 -0.0 0.0 0.4876181599495226 -0.8730570027709771
-232151.04079210028 252037.4029019902 0.0 -0.0 0.0 0.4876181599495226 -0.8730570027709771
-232151.7482577204 252035.67105515845 0.0 -0.0 0.0 0.4876181599495226 -0.8730570027709771
-232151.7482577204 252035.67105515845 0.0 -0.0 0.0 0.9140512552290904 -0.40559869676087995
-232151.7482577204 252035.67105515845 0.0 -0.0 0.0 0.9140512552290904 -0.40559869676087995
-232151.7482577204 252035.67105515845 0.0 -0.0 0.0 0.9140512552290904 -0.40559869676087995
-232151.7482577204 252035.67105515845 0.0 -0.0 0.0 0.9140512552290904 -0.40559869676087995
-232151.7482577204 252035.67105515845 0.0 -0.0 0.0 0.9140512552290904 -0.40559869676087995
-232151.11603457684 252032.31570869114 0.0 -0.0 0.0 0.9140512552290904 -0.40559869676087995
-232151.11603457684 252032.31570869114 0.0 -0.0 0.0 0.9140512552290904 -0.40559869676087995
-232151.11603457684 252032.31570869114 0.0 -0.0 0.0 0.9140512552290904 -0.40559869676087995
-232151.11603457684 252032.31570869114 0.0 -0.0 0.0 0.9140512552290904 -0.40559869676087995
-232151.11603457684 252032.31570869114 0.0 -0.0 0.0 0.9140512552290904 -0.40559869676087995
-232152.49135440396 252029.50231927994 0.0 -0.0 0.0 0.9140512552290904 -0.40559869676087995
-232152.49135440396 252029.50231927994 0.0 0.0 0.0 0.20794412730622258 0.9781407055832272
-232151.87597201287 252028.50226791308 0.0 -0.0 0.0 0.5386421225036422 -0.8425346662688552
-232151.29225717238 252026.9382198996 0.0 -0.0 0.0 0.5386421225036422 -0.8425346662688552
-232151.29225717238 252026.9382198996 0.0 -0.0 0.0 0.7861385157841019 -0.6180503490823134
-232151.56033735795 252026.26076265465 0.0 -0.0 0.0 0.7861385157841019 -0.6180503490823134
-232151.56033735795 252026.26076265465 0.0 -0.0 0.0 0.857351971779058 -0.5147306057410628
-232151.56033735795 252026.26076265465 0.0 -0.0 0.0 0.857351971779058 -0.5147306057410628
-232151.56033735795 252026.26076265465 0.0 -0.0 0.0 0.857351971779058 -0.5147306057410628
-232149.5612293744 252024.2308228393 0.0 -0.0 0.0 0.857351971779058 -0.5147306057410628
-232149.5612293744 252024.2308228393 0.0 0.0 0.0 0.43793578348826606 0.8990062566748457
-232151.21304751857 252022.61090987915 0.0 0.0 0.0 0.43793578348826606 0.8990062566748457
-232151.21304751857 252022.61090987915 0.0 -0.0 0.0 0.8122642666190569 -0.5832896031765058
-232148.87307812244 252018.4995725773 0.0 0.0 0.0 0.09003811809621759 0.9959383200227269
-232150.2203037047 252018.74879966464 0.0 0.0 0.0 0.09003811809621759 0.9959383200227269
-232150.2203037047 252018.74879966464 0.0 -0.0 0.0 0.1545388145997359 -0.9879867179178617
-232149.7181457804 252017.8081554301 0.0 -0.0 0.0 0.1545388145997359 -0.9879867179178617
-232149.7181457804 252017.8081554301 0.0 -0.0 0.0 0.1545388145997359 -0.9879867179178617
-232149.632828803 252016.23708575833 0.0 -0.0 0.0 0.1545388145997359 -0.9879867179178617
-232149.632828803 252016.23708575833 0.0 -0.0 0.0 0.1545388145997359 -0.9879867179178617
-232148.82626680515 252014.68854248206 0.0 -0.0 0.0 0.1545388145997359 -0.9879867179178617
-232150.17437210088 252012.63465675255 0.0 -0.0 0.0 0.1545388145997359 -0.9879867179178617
-232150.17437210088 252012.63465675255 0.0 -0.0 0.0 0.1545388145997359 -0.9879867179178617
-232151.5689007391 252010.09798538088 0.0 -0.0 0.0 0.1545388145997359 -0.9879867179178617
-232151.53917336304 252007.75138705233 0.0 -0.0 0.0 0.1545388145997359 -0.9879867179178617
-232151.53917336304 252007.75138705233 0.0 0.0 0.0 0.25612994479936574 0.9666423596020784
-232151.04002014376 252005.77712787926 0.0 0.0 0.0 0.25612994479936574 0.9666423596020784
-232151.04002014376 252005.77712787926 0.0 0.0 0.0 0.25612994479936574 0.9666423596020784
-232151.76275383818 252003.81869458925 0.0 0.0 0.0 0.25612994479936574 0.9666423596020784
-232152.59675193953 252002.84268278774 0.0 0.0 0.0 0.25612994479936574 0.9666423596020784
-232152.59675193953 252002.84268278774 0.0 0.0 0.0 0.7657066527441585 0.6431899578999478
-232151.15045427947 252002.98162039576 0.0 0.0 0.0 0.7657066527441585 0.6431899578999478
-232152.30480222098 252001.9665570196 0.0 0.0 0.0 0.7657066527441585 0.6431899578999478
-232152.30480222098 252001.9665570196 0.0 0.0 0.0 0.7657066527441585 0.6431899578999478
-232151.28712609314 252000.26360127723 0.0 0.0 0.0 0.7657066527441585 0.6431899578999478
-232151.28712609314 252000.26360127723 0.0 0.0 0.0 0.7657066527441585 0.6431899578999478
-232149.85273917383 251999.50767611034 0.0 0.0 0.0 0.7657066527441585 0.6431899578999478
-232149.85273917383 251999.50767611034 0.0 0.0 0.0 0.7657066527441585 0.6431899578999478
-232149.85273917383 251999.50767611034 0.0 0.0 0.0 0.7657066527441585 0.6431899578999478
-232149.85273917383 251999.50767611034 0.0 0.0 0.0 0.7657066527441585 0.6431899578999478
-232149.85273917383 251999.50767611034 0.0 0.0 0.0 0.7657066527441585 0.6431899578999478
-232149.85273917383 251999.50767611034 0.0 0.0 0.0 0.7657066527441585 0.6431899578999478
-232149.85273917383 251999.50767611034 0.0 0.0 0.0 0.7657066527441585 0.6431899578999478
-232149.85273917383 251999.50767611034 0.0 0.0 0.0 0.7657066527441585 0.6431899578999478
-232149.85273917383 251999.50767611034 0.0 0.0 0.0 0.7657066527441585 0.6431899578999478
-232149.85273917383 251999.50767611034 0.0 0.0 0.0 0.7657066527441585 0.6431899578999478
-232149.85273917383 251999.50767611034 0.0 0.0 0.0 0.7657066527441585 0.6431899578999478
-232149.85273917383 251999.50767611034 0.0 0.0 0.0 0.7657066527441585 0.6431899578999478
-232149.85273917383 251999.50767611034 0.0 0.0 0.0 0.7657066527441585 0.6431899578999478
-232149.85273917383 251999.50767611034 0.0 0.0 0.0 0.7657066527441585 0.6431899578999478
-232149.85273917383 251999.50767611034 0.0 0.0 0.0 0.7657066527441585 0.6431899578999478
-232149.85273917383 251999.50767611034 0.0 0.0 0.0 0.7657066527441585 0.6431899578999478
-232149.85273917383 251999.50767611034 0.0 0.0 0.0 0.7657066527441585 0.6431899578999478
-232149.85273917383 251999.50767611034 0.0 0.0 0.0 0.7657066527441585 0.6431899578999478
-232149.85273917383 251999.50767611034 0.0 0.0 0.0 0.7657066527441585 0.6431899578999478
-232149.85273917383 251999.50767611034 0.0 0.0 0.0 0.7657066527441585 0.6431899578999478
-232149.85273917383 251999.50767611034 0.0 0.0 0.0 0.7657066527441585 0.6431899578999478
-232149.85273917383 251999.50767611034 0.0 0.0 0.0 0.7657066527441585 0.6431899578999478
-232149.85273917383 251999.50767611034 0.0 0.0 0.0 0.7657066527441585 0.6431899578999478
-232149.85273917383 251999.50767611034 0.0 0.0 0.0 0.7657066527441585 0.6431899578999478
-232149.85273917383 251999.50767611034 0.0 0.0 0.0 0.7657066527441585 0.6431899578999478
-232149.85273917383 251999.50767611034 0.0 0.0 0.0 0.7657066527441585 0.6431899578999478
-232149.85273917383 251999.50767611034 0.0 0.0 0.0 0.7657066527441585 0.6431899578999478
-232149.85273917383 251999.50767611034 0.0 0.0 0.0 0.7657066527441585 0.6431899578999478
-232149.85273917383 251999.50767611034 0.0 0.0 0.0 0.7657066527441585 0.6431899578999478
-232149.85273917383 251999.50767611034 0.0 0.0 0.0 0.7657066527441585 0.6431899578999478
-232149.85273917383 251999.50767611034 0.0 0.0 0.0 0.7657066527441585 0.6431899578999478
-232152.61609909972 251976.1856742764 0.0 0.0 0.0 0.7657066527441585 0.6431899578999478
-232152.61609909972 251976.1856742764 0.0 -0.0 0.0 0.2103181961862143 -0.9776329865307211
-232151.58398582425 251974.43980983295 0.0 -0.0 0.0 0.2103181961862143 -0.9776329865307211
-232151.58398582425 251974.43980983295 0.0 -0.0 0.0 0.0009162977290764331 -0.9999995801991477
-232151.36421881203 251973.48827500016 0.0 -0.0 0.0 0.0009162977290764331 -0.9999995801991477
-232148.1972813254 251972.98004776452 0.0 -0.0 0.0 0.0009162977290764331 -0.9999995801991477
-232148.1972813254 251972.98004776452 0.0 -0.0 0.0 0.0009162977290764331 -0.9999995801991477
-232150.78935509064 251971.87766065475 0.0 -0.0 0.0 0.0009162977290764331 -0.9999995801991477
-232150.61484783952 251970.87924758883 0.0 -0.0 0.0 0.0009162977290764331 -0.9999995801991477
-232150.163175723 251969.80376328554 0.0 -0.0 0.0 0.0009162977290764331 -0.9999995801991477
-232150.163175723 251969.80376328554 0.0 -0.0 0.0 0.0009162977290764331 -0.9999995801991477
-232151.26196360466 251968.20270936217 0.0 -0.0 0.0 0.0009162977290764331 -0.9999995801991477
-232151.26196360466 251968.20270936217 0.0 0.0 0.0 0.565073565722209 0.8250405234423267
-232152.3749907329 251967.0706472205 0.0 0.0 0.0 0.565073565722209 0.8250405234423267
-232152.3749907329 251967.0706472205 0.0 -0.0 0.0 0.015540658713604768 -0.9998792366714828
-232151.1307574536 251964.6709077805 0.0 -0.0 0.0 0.015540658713604768 -0.9998792366714828
-232151.1307574536 251964.6709077805 0.0 0.0 0.0 0.19026586194407888 0.9817326019740186
-232152.3010159689 251963.7939552026 0.0 0.0 0.0 0.19026586194407888 0.9817326019740186
-232152.3010159689 251963.7939552026 0.0 0.0 0.0 0.23297863292667675 0.9724818541235701
-232151.94247893948 251962.2134363621 0.0 0.0 0.0 0.23297863292667675 0.9724818541235701
-232151.94247893948 251962.2134363621 0.0 0.0 0.0 0.23297863292667675 0.9724818541235701
-232152.13187891326 251960.76802352653 0.0 0.0 0.0 0.23297863292667675 0.9724818541235701
-232152.13187891326 251960.76802352653 0.0 0.0 0.0 0.9475086794862447 0.31973004597352567
-232153.2741636551 251959.97117303734 0.0 0.0 0.0 0.9475086794862447 0.31973004597352567
-232153.65686495524 251959.23478476287 0.0 0.0 0.0 0.9475086794862447 0.31973004597352567
-232153.65686495524 251959.23478476287 0.0 0.0 0.0 0.7123213256660677 0.7018534953972488
-232152.22513151728 251957.3355386459 0.0 0.0 0.0 0.7123213256660677 0.7018534953972488
-232152.22513151728 251957.3355386459 0.0 -0.0 0.0 0.31628822027630743 -0.9486631444904171
-232154.55132869462 251956.10009760587 0.0 -0.0 0.0 0.31628822027630743 -0.9486631444904171
-232154.55132869462 251956.10009760587 0.0 -0.0 0.0 0.31628822027630743 -0.9486631444904171
-232153.20076614327 251954.45293410766 0.0 -0.0 0.0 0.31628822027630743 -0.9486631444904171
-232153.20076614327 251954.45293410766 0.0 -0.0 0.0 0.8819426547456815 -0.47135671602316187
-232153.61855708755 251952.21742536794 0.0 -0.0 0.0 0.8819426547456815 -0.47135671602316187
-232154.83379722282 251951.10770890318 0.0 -0.0 0.0 0.8819426547456815 -0.47135671602316187
-232154.83379722282 251951.10770890318 0.0 -0.0 0.0 0.9999514914506662 -0.009849606367167541
-232153.97565484277 251950.9823142984 0.0 -0.0 0.0 0.9999514914506662 -0.009849606367167541
-232153.97565484277 251950.9823142984 0.0 -0.0 0.0 0.9999514914506662 -0.009849606367167541
-232155.5391534921 251949.16930101067 0.0 -0.0 0.0 0.9999514914506662 -0.009849606367167541
-232154.66283335644 251948.14945341693 0.0 -0.0 0.0 0.9999514914506662 -0.009849606367167541
-232153.9361220695 251946.94886008138 0.0 -0.0 0.0 0.9999514914506662 -0.009849606367167541
-232153.9361220695 251946.94886008138 0.0 -0.0 0.0 0.9999514914506662 -0.009849606367167541
-232154.00775290982 251946.2848301381 0.0 -0.0 0.0 0.9999514914506662 -0.009849606367167541
-232154.00775290982 251946.2848301381 0.0 -0.0 0.0 0.9999514914506662 -0.009849606367167541
-232153.52215586117 251944.57019594824 0.0 -0.0 0.0 0.9999514914506662 -0.009849606367167541
-232153.52215586117 251944.57019594824 0.0 0.0 0.0 0.8706138383173326 0.4919670156934928
-232154.8892988574 251944.69273888096 0.0 0.0 0.0 0.8706138383173326 0.4919670156934928
-232156.0166062819 251942.96340595893 0.0 0.0 0.0 0.8706138383173326 0.4919670156934928
-232156.0166062819 251942.96340595893 0.0 -0.0 0.0 0.5449288262307138 -0.838482304132184
-232153.5781743565 251941.28325756584 0.0 -0.0 0.0 0.5449288262307138 -0.838482304132184
-232153.5781743565 251941.28325756584 0.0 0.0 0.0 0.5998736635521139 0.8000947367509458
-232153.63219239647 251942.30351714618 0.0 0.0 0.0 0.5998736635521139 0.8000947367509458
-232153.63219239647 251942.30351714618 0.0 0.0 0.0 0.5998736635521139 0.8000947367509458
-232153.63219239647 251942.30351714618 0.0 0.0 0.0 0.5998736635521139 0.8000947367509458
-232153.63219239647 251942.30351714618 0.0 0.0 0.0 0.5998736635521139 0.8000947367509458
-232153.63219239647 251942.30351714618 0.0 0.0 0.0 0.5998736635521139 0.8000947367509458
-232153.63219239647 251942.30351714618 0.0 0.0 0.0 0.5998736635521139 0.8000947367509458
-232153.63219239647 251942.30351714618 0.0 0.0 0.0 0.5998736635521139 0.8000947367509458
-232155.55654754277 251937.46964411312 0.0 0.0 0.0 0.5998736635521139 0.8000947367509458
-232155.12320981445 251937.23233300928 0.0 0.0 0.0 0.5998736635521139 0.8000947367509458
-232155.72648065307 251934.77972274847 0.0 0.0 0.0 0.5998736635521139 0.8000947367509458
-232155.72648065307 251934.77972274847 0.0 0.0 0.0 0.5998736635521139 0.8000947367509458
-232156.8655205233 251933.46490910012 0.0 0.0 0.0 0.5998736635521139 0.8000947367509458
-232154.35138004055 251931.2530451153 0.0 0.0 0.0 0.5998736635521139 0.8000947367509458
-232154.35138004055 251931.2530451153 0.0 0.0 0.0 0.9185788783426565 0.395237706023536
-232156.87226560718 251929.3539217048 0.0 0.0 0.0 0.9185788783426565 0.395237706023536
-232156.66589686653 251929.44040334166 0.0 0.0 0.0 0.9185788783426565 0.395237706023536
-232156.66589686653 251929.44040334166 0.0 0.0 0.0 0.9185788783426565 0.395237706023536
-232157.33465459448 251927.57067133335 0.0 0.0 0.0 0.9185788783426565 0.395237706023536
-232157.9404168289 251925.87100144743 0.0 0.0 0.0 0.9185788783426565 0.395237706023536
-232157.4860176909 251924.10970433883 0.0 0.0 0.0 0.9185788783426565 0.395237706023536
-232154.23097016866 251924.4058847035 0.0 0.0 0.0 0.9185788783426565 0.395237706023536
-232154.23097016866 251924.4058847035 0.0 0.0 0.0 0.9185788783426565 0.395237706023536
-232155.6718156989 251922.19534748734 0.0 0.0 0.0 0.9185788783426565 0.395237706023536
-232156.40189967048 251920.89453228365 0.0 0.0 0.0 0.9185788783426565 0.395237706023536
-232156.40189967048 251920.89453228365 0.0 0.0 0.0 0.9185788783426565 0.395237706023536
-232157.2733632669 251920.22670719528 0.0 0.0 0.0 0.9185788783426565 0.395237706023536
-232157.2733632669 251920.22670719528 0.0 0.0 0.0 0.9185788783426565 0.395237706023536
-232157.25076357083 251919.5273297698 0.0 0.0 0.0 0.9185788783426565 0.395237706023536
-232157.25076357083 251919.5273297698 0.0 0.0 0.0 0.7897290713801197 0.6134557798383626
-232156.11900928395 251918.29587819698 0.0 0.0 0.0 0.7897290713801197 0.6134557798383626
-232158.05366998143 251916.63448575782 0.0 0.0 0.0 0.7897290713801197 0.6134557798383626
-232158.05366998143 251916.63448575782 0.0 0.0 0.0 0.7897290713801197 0.6134557798383626
-232158.04463637742 251916.5405244426 0.0 0.0 0.0 0.7897290713801197 0.6134557798383626
-232157.3691817171 251915.61549994387 0.0 0.0 0.0 0.7897290713801197 0.6134557798383626
-232157.3691817171 251915.61549994387 0.0 0.0 0.0 0.2711926701846879 0.9625250831215253
-232157.6154174694 251914.63584559955 0.0 0.0 0.0 0.2711926701846879 0.9625250831215253
-232157.6154174694 251914.63584559955 0.0 0.0 0.0 0.3670630240723849 0.9301960741471853
-232158.4224580274 251913.5445880095 0.0 0.0 0.0 0.3670630240723849 0.9301960741471853
-232158.4224580274 251913.5445880095 0.0 -0.0 0.0 0.0350154901591403 -0.9993867696987564
-232159.49466327182 251913.34962178522 0.0 -0.0 0.0 0.0350154901591403 -0.9993867696987564
-232159.49466327182 251913.34962178522 0.0 0.0 0.0 0.11488860500435266 0.9933783813029926
-232159.4309488693 251912.8235523455 0.0 0.0 0.0 0.11488860500435266 0.9933783813029926
-232159.4309488693 251912.8235523455 0.0 0.0 0.0 0.11488860500435266 0.9933783813029926
-232160.64041407334 251913.34579510114 0.0 0.0 0.0 0.11488860500435266 0.9933783813029926
-232160.64041407334 251913.34579510114 0.0 -0.0 0.0 0.19701400098471017 -0.9804006749365265
-232161.96740634792 251913.6059913001 0.0 -0.0 0.0 0.19701400098471017 -0.9804006749365265
-232161.96740634792 251913.6059913001 0.0 -0.0 0.0 0.19701400098471017 -0.9804006749365265
-232161.16452740377 251911.89552177154 0.0 -0.0 0.0 0.19701400098471017 -0.9804006749365265
-232161.16452740377 251911.89552177154 0.0 -0.0 0.0 0.19701400098471017 -0.9804006749365265
-232160.1362352805 251911.84809102947 0.0 -0.0 0.0 0.19701400098471017 -0.9804006749365265
-232160.86664434732 251913.45748020886 0.0 -0.0 0.0 0.19701400098471017 -0.9804006749365265
-232160.86664434732 251913.45748020886 0.0 -0.0 0.0 0.19701400098471017 -0.9804006749365265
-232160.88979113725 251912.961795065 0.0 -0.0 0.0 0.19701400098471017 -0.9804006749365265
-232160.88979113725 251912.961795065 0.0 -0.0 0.0 0.19701400098471017 -0.9804006749365265
-232160.43665147928 251912.91194902026 0.0 -0.0 0.0 0.19701400098471017 -0.9804006749365265
-232160.43665147928 251912.91194902026 0.0 0.0 0.0 0.11780604402482199 0.993036623690799
-232159.90464233767 251912.2985303258 0.0 0.0 0.0 0.11780604402482199 0.993036623690799
-232159.90464233767 251912.2985303258 0.0 0.0 0.0 0.13533427794178288 0.9907999965754826
